402 -1 -1 -1 -1
427 -1 -1 -1 -1
438 -1 -1 -1 -1
455 -1 -1 -1 -1
457 -1 -1 -1 -1
458 -1 -1 -1 -1
459 -1 -1 -1 -1
464 -1 -1 -1 -1
480 -1 -1 -1 -1
487 -1 -1 -1 -1
489 -1 -1 -1 -1
490 -1 -1 -1 -1
494 -1 -1 -1 -1
495 -1 -1 -1 -1
496 -1 -1 -1 -1
506 -1 -1 -1 -1
485 488 -1 -1 -1
450 475 -1 -1 -1
450 488 -1 -1 -1
450 502 -1 -1 -1
450 507 -1 -1 -1
491 493 -1 -1 -1
452 453 -1 -1 -1
492 493 -1 -1 -1
497 498 -1 -1 -1
456 465 -1 -1 -1
456 470 -1 -1 -1
456 491 -1 -1 -1
456 492 -1 -1 -1
456 493 -1 -1 -1
460 461 -1 -1 -1
460 498 -1 -1 -1
461 497 -1 -1 -1
461 498 -1 -1 -1
462 484 -1 -1 -1
462 488 -1 -1 -1
462 499 -1 -1 -1
420 472 -1 -1 -1
465 469 -1 -1 -1
465 501 -1 -1 -1
467 468 -1 -1 -1
468 505 -1 -1 -1
470 493 -1 -1 -1
472 509 -1 -1 -1
474 511 -1 -1 -1
475 488 -1 -1 -1
475 501 -1 -1 -1
352 365 -1 -1 -1
423 450 -1 -1 -1
423 460 -1 -1 -1
423 462 -1 -1 -1
423 485 -1 -1 -1
423 488 -1 -1 -1
423 497 -1 -1 -1
424 460 -1 -1 -1
424 461 -1 -1 -1
424 497 -1 -1 -1
424 498 -1 -1 -1
388 394 -1 -1 -1
388 468 -1 -1 -1
425 426 -1 -1 -1
425 462 -1 -1 -1
425 463 -1 -1 -1
426 499 -1 -1 -1
388 505 -1 -1 -1
430 431 -1 -1 -1
430 468 -1 -1 -1
292 394 -1 -1 -1
292 450 -1 -1 -1
292 452 -1 -1 -1
357 452 -1 -1 -1
357 453 -1 -1 -1
391 397 -1 -1 -1
391 428 -1 -1 -1
391 502 -1 -1 -1
392 466 -1 -1 -1
393 397 -1 -1 -1
393 410 -1 -1 -1
393 430 -1 -1 -1
393 488 -1 -1 -1
393 504 -1 -1 -1
431 467 -1 -1 -1
328 352 -1 -1 -1
432 470 -1 -1 -1
359 424 -1 -1 -1
359 460 -1 -1 -1
329 391 -1 -1 -1
433 475 -1 -1 -1
434 475 -1 -1 -1
394 410 -1 -1 -1
394 430 -1 -1 -1
437 474 -1 -1 -1
394 467 -1 -1 -1
394 505 -1 -1 -1
359 497 -1 -1 -1
359 498 -1 -1 -1
396 423 -1 -1 -1
396 450 -1 -1 -1
396 461 -1 -1 -1
396 475 -1 -1 -1
397 423 -1 -1 -1
397 439 -1 -1 -1
361 398 -1 -1 -1
296 324 -1 -1 -1
397 488 -1 -1 -1
361 420 -1 -1 -1
399 436 -1 -1 -1
362 436 -1 -1 -1
363 400 -1 -1 -1
400 437 -1 -1 -1
444 448 -1 -1 -1
444 503 -1 -1 -1
329 450 -1 -1 -1
329 469 -1 -1 -1
329 470 -1 -1 -1
298 409 -1 -1 -1
400 474 -1 -1 -1
400 511 -1 -1 -1
364 424 -1 -1 -1
364 460 -1 -1 -1
364 497 -1 -1 -1
364 498 -1 -1 -1
408 446 -1 -1 -1
410 468 -1 -1 -1
410 505 -1 -1 -1
268 397 -1 -1 -1
268 434 -1 -1 -1
269 429 -1 -1 -1
269 466 -1 -1 -1
238 367 -1 -1 -1
306 395 -1 -1 -1
306 432 -1 -1 -1
369 395 -1 -1 -1
336 410 -1 -1 -1
373 410 -1 -1 -1
375 412 -1 -1 -1
379 474 -1 -1 -1
278 441 -1 -1 -1
448 456 463 -1 -1
448 456 500 -1 -1
448 463 492 -1 -1
448 463 493 -1 -1
448 463 508 -1 -1
416 430 433 -1 -1
352 360 403 -1 -1
416 433 467 -1 -1
416 433 504 -1 -1
416 433 505 -1 -1
484 497 498 -1 -1
484 499 500 -1 -1
448 492 500 -1 -1
485 497 498 -1 -1
448 493 500 -1 -1
448 500 508 -1 -1
416 446 448 -1 -1
352 364 401 -1 -1
488 491 493 -1 -1
488 499 500 -1 -1
488 504 505 -1 -1
491 492 493 -1 -1
352 365 393 -1 -1
491 497 498 -1 -1
352 365 425 -1 -1
352 365 432 -1 -1
352 365 484 -1 -1
352 365 485 -1 -1
352 365 491 -1 -1
352 365 499 -1 -1
352 365 501 -1 -1
497 498 499 -1 -1
502 503 505 -1 -1
508 510 511 -1 -1
288 304 411 -1 -1
384 416 509 -1 -1
450 451 471 -1 -1
450 452 507 -1 -1
450 456 509 -1 -1
450 460 461 -1 -1
450 460 498 -1 -1
450 461 497 -1 -1
450 462 475 -1 -1
450 462 488 -1 -1
450 462 502 -1 -1
450 462 504 -1 -1
450 463 500 -1 -1
450 465 502 -1 -1
450 467 488 -1 -1
450 467 502 -1 -1
450 467 507 -1 -1
450 470 508 -1 -1
450 471 475 -1 -1
450 474 511 -1 -1
450 475 484 -1 -1
450 475 485 -1 -1
450 475 501 -1 -1
450 475 504 -1 -1
450 484 488 -1 -1
450 484 502 -1 -1
450 485 488 -1 -1
450 485 502 -1 -1
450 485 504 -1 -1
450 488 501 -1 -1
450 488 504 -1 -1
450 491 507 -1 -1
450 493 509 -1 -1
450 497 498 -1 -1
450 501 507 -1 -1
450 502 504 -1 -1
450 504 507 -1 -1
451 456 468 -1 -1
451 456 504 -1 -1
451 456 505 -1 -1
451 465 467 -1 -1
451 465 468 -1 -1
451 465 504 -1 -1
451 465 505 -1 -1
451 467 492 -1 -1
451 468 492 -1 -1
451 468 493 -1 -1
451 470 477 -1 -1
451 492 504 -1 -1
451 492 505 -1 -1
451 493 504 -1 -1
451 493 505 -1 -1
452 453 470 -1 -1
452 453 491 -1 -1
452 467 484 -1 -1
452 467 499 -1 -1
452 468 484 -1 -1
452 468 499 -1 -1
452 475 476 -1 -1
452 477 482 -1 -1
452 484 505 -1 -1
452 499 505 -1 -1
418 421 429 -1 -1
418 421 466 -1 -1
288 334 404 -1 -1
453 467 484 -1 -1
453 467 499 -1 -1
453 468 484 -1 -1
453 468 499 -1 -1
453 475 476 -1 -1
453 477 482 -1 -1
418 430 444 -1 -1
418 431 444 -1 -1
453 484 505 -1 -1
453 499 505 -1 -1
288 341 411 -1 -1
418 443 472 -1 -1
418 444 467 -1 -1
418 444 468 -1 -1
418 444 504 -1 -1
418 444 505 -1 -1
418 445 447 -1 -1
418 450 503 -1 -1
224 269 302 -1 -1
456 460 470 -1 -1
456 462 492 -1 -1
456 462 493 -1 -1
456 469 470 -1 -1
456 470 491 -1 -1
456 470 492 -1 -1
456 470 497 -1 -1
456 472 499 -1 -1
224 273 368 -1 -1
456 491 492 -1 -1
460 461 462 -1 -1
460 461 485 -1 -1
460 461 497 -1 -1
460 470 493 -1 -1
460 475 488 -1 -1
460 475 502 -1 -1
460 476 505 -1 -1
386 387 443 -1 -1
386 387 501 -1 -1
386 387 503 -1 -1
460 484 498 -1 -1
460 485 498 -1 -1
460 491 498 -1 -1
460 497 498 -1 -1
460 498 499 -1 -1
461 462 497 -1 -1
419 443 482 -1 -1
461 477 505 -1 -1
461 485 497 -1 -1
420 421 425 -1 -1
420 421 499 -1 -1
420 423 472 -1 -1
462 467 468 -1 -1
462 474 511 -1 -1
462 475 485 -1 -1
462 475 488 -1 -1
462 475 501 -1 -1
420 434 472 -1 -1
462 484 491 -1 -1
462 485 488 -1 -1
462 488 491 -1 -1
462 491 499 -1 -1
463 465 472 -1 -1
420 450 468 -1 -1
420 450 504 -1 -1
420 450 505 -1 -1
463 475 484 -1 -1
463 475 500 -1 -1
463 484 499 -1 -1
463 488 499 -1 -1
420 462 472 -1 -1
420 465 472 -1 -1
465 469 485 -1 -1
465 469 491 -1 -1
465 469 492 -1 -1
465 469 501 -1 -1
420 470 472 -1 -1
420 472 485 -1 -1
420 472 491 -1 -1
420 472 492 -1 -1
224 302 434 -1 -1
465 472 499 -1 -1
465 472 500 -1 -1
465 474 511 -1 -1
465 475 503 -1 -1
465 485 502 -1 -1
465 488 491 -1 -1
465 488 492 -1 -1
465 488 493 -1 -1
465 488 502 -1 -1
420 508 509 -1 -1
421 425 509 -1 -1
467 468 470 -1 -1
467 468 485 -1 -1
467 468 491 -1 -1
467 469 505 -1 -1
421 456 508 -1 -1
467 470 505 -1 -1
421 469 507 -1 -1
467 488 505 -1 -1
467 504 505 -1 -1
421 492 508 -1 -1
421 493 508 -1 -1
421 499 509 -1 -1
468 470 504 -1 -1
468 470 505 -1 -1
468 476 498 -1 -1
468 488 504 -1 -1
468 491 505 -1 -1
468 502 503 -1 -1
469 470 475 -1 -1
469 504 505 -1 -1
470 472 499 -1 -1
470 475 498 -1 -1
470 475 507 -1 -1
470 477 505 -1 -1
470 485 493 -1 -1
470 491 493 -1 -1
470 492 493 -1 -1
470 493 497 -1 -1
470 504 505 -1 -1
388 391 451 -1 -1
472 491 499 -1 -1
472 492 499 -1 -1
472 493 499 -1 -1
473 474 508 -1 -1
473 474 510 -1 -1
388 393 395 -1 -1
388 393 488 -1 -1
388 394 425 -1 -1
388 394 475 -1 -1
388 394 484 -1 -1
388 394 485 -1 -1
388 394 491 -1 -1
388 394 499 -1 -1
388 395 505 -1 -1
423 424 475 -1 -1
388 401 434 -1 -1
423 425 500 -1 -1
423 428 465 -1 -1
423 430 431 -1 -1
423 430 450 -1 -1
423 430 505 -1 -1
423 431 504 -1 -1
423 433 456 -1 -1
423 433 475 -1 -1
423 433 493 -1 -1
423 434 508 -1 -1
423 444 465 -1 -1
423 450 460 -1 -1
423 450 462 -1 -1
423 450 484 -1 -1
423 450 485 -1 -1
423 450 497 -1 -1
423 450 501 -1 -1
474 485 511 -1 -1
423 452 476 -1 -1
388 420 472 -1 -1
423 453 476 -1 -1
423 460 462 -1 -1
423 460 485 -1 -1
423 460 491 -1 -1
388 423 431 -1 -1
474 508 510 -1 -1
388 423 450 -1 -1
388 423 468 -1 -1
388 423 505 -1 -1
423 462 485 -1 -1
423 462 491 -1 -1
423 462 497 -1 -1
388 425 468 -1 -1
423 463 499 -1 -1
423 465 502 -1 -1
388 425 505 -1 -1
423 467 468 -1 -1
423 468 477 -1 -1
423 470 507 -1 -1
388 430 431 -1 -1
388 430 467 -1 -1
388 430 504 -1 -1
388 431 467 -1 -1
423 475 498 -1 -1
423 477 505 -1 -1
388 432 505 -1 -1
423 485 497 -1 -1
423 491 497 -1 -1
423 499 500 -1 -1
388 450 472 -1 -1
388 450 475 -1 -1
388 450 488 -1 -1
475 484 500 -1 -1
475 485 488 -1 -1
475 485 492 -1 -1
475 485 501 -1 -1
475 488 491 -1 -1
475 488 492 -1 -1
475 488 497 -1 -1
475 488 502 -1 -1
475 497 502 -1 -1
388 467 504 -1 -1
388 468 484 -1 -1
388 468 485 -1 -1
388 468 491 -1 -1
388 468 492 -1 -1
388 468 499 -1 -1
388 468 504 -1 -1
388 469 505 -1 -1
388 484 505 -1 -1
388 485 505 -1 -1
388 491 505 -1 -1
388 492 505 -1 -1
388 499 505 -1 -1
388 504 505 -1 -1
424 425 460 -1 -1
424 425 497 -1 -1
424 425 498 -1 -1
424 428 439 -1 -1
424 429 446 -1 -1
424 430 476 -1 -1
424 432 433 -1 -1
424 434 446 -1 -1
424 434 471 -1 -1
322 323 423 -1 -1
322 323 461 -1 -1
424 439 451 -1 -1
424 439 503 -1 -1
424 440 451 -1 -1
424 446 466 -1 -1
424 450 460 -1 -1
424 450 497 -1 -1
424 460 484 -1 -1
424 460 485 -1 -1
424 460 491 -1 -1
424 460 497 -1 -1
424 460 499 -1 -1
424 461 462 -1 -1
424 461 485 -1 -1
424 468 476 -1 -1
424 470 475 -1 -1
389 391 483 -1 -1
424 484 497 -1 -1
424 484 498 -1 -1
424 485 497 -1 -1
424 491 497 -1 -1
424 491 498 -1 -1
424 497 499 -1 -1
424 498 499 -1 -1
476 497 505 -1 -1
389 404 465 -1 -1
389 425 483 -1 -1
425 426 484 -1 -1
425 426 485 -1 -1
425 426 491 -1 -1
425 426 499 -1 -1
425 430 452 -1 -1
425 430 453 -1 -1
425 433 498 -1 -1
425 433 507 -1 -1
425 443 448 -1 -1
425 444 448 -1 -1
389 475 483 -1 -1
425 452 467 -1 -1
425 452 468 -1 -1
389 483 499 -1 -1
425 452 505 -1 -1
425 453 467 -1 -1
425 453 468 -1 -1
425 453 505 -1 -1
425 456 472 -1 -1
425 460 498 -1 -1
425 462 485 -1 -1
425 463 484 -1 -1
425 463 491 -1 -1
425 463 499 -1 -1
425 465 472 -1 -1
425 472 492 -1 -1
425 472 493 -1 -1
425 472 499 -1 -1
425 484 499 -1 -1
425 484 500 -1 -1
425 488 500 -1 -1
425 497 498 -1 -1
425 499 500 -1 -1
426 428 448 -1 -1
426 434 448 -1 -1
426 448 456 -1 -1
426 448 492 -1 -1
426 448 493 -1 -1
426 448 508 -1 -1
426 465 472 -1 -1
426 475 484 -1 -1
426 475 500 -1 -1
426 484 499 -1 -1
426 485 499 -1 -1
426 491 499 -1 -1
428 429 444 -1 -1
428 429 451 -1 -1
428 431 503 -1 -1
428 433 450 -1 -1
428 433 475 -1 -1
428 434 475 -1 -1
428 439 461 -1 -1
428 439 498 -1 -1
428 448 463 -1 -1
428 448 484 -1 -1
428 448 499 -1 -1
428 448 500 -1 -1
428 450 465 -1 -1
428 456 475 -1 -1
428 465 475 -1 -1
428 465 488 -1 -1
428 468 503 -1 -1
356 360 441 -1 -1
428 475 493 -1 -1
356 367 388 -1 -1
429 431 466 -1 -1
391 392 465 -1 -1
391 392 503 -1 -1
391 394 451 -1 -1
391 395 397 -1 -1
391 396 444 -1 -1
391 397 432 -1 -1
429 439 440 -1 -1
429 439 460 -1 -1
429 439 497 -1 -1
391 397 470 -1 -1
391 397 485 -1 -1
391 397 508 -1 -1
391 399 420 -1 -1
391 399 509 -1 -1
391 401 460 -1 -1
391 401 497 -1 -1
429 444 456 -1 -1
429 444 469 -1 -1
429 444 491 -1 -1
429 444 492 -1 -1
429 444 493 -1 -1
429 444 508 -1 -1
429 446 461 -1 -1
429 446 476 -1 -1
429 446 498 -1 -1
429 451 501 -1 -1
391 410 444 -1 -1
429 466 468 -1 -1
356 390 467 -1 -1
356 390 468 -1 -1
356 390 505 -1 -1
391 423 428 -1 -1
391 423 456 -1 -1
391 423 491 -1 -1
391 423 492 -1 -1
391 423 493 -1 -1
391 423 501 -1 -1
391 423 502 -1 -1
391 424 433 -1 -1
391 425 472 -1 -1
391 426 463 -1 -1
391 426 500 -1 -1
391 428 462 -1 -1
391 428 485 -1 -1
391 430 444 -1 -1
391 430 451 -1 -1
430 431 462 -1 -1
430 431 475 -1 -1
430 431 485 -1 -1
430 431 491 -1 -1
430 432 450 -1 -1
430 432 505 -1 -1
391 433 498 -1 -1
391 434 456 -1 -1
391 434 462 -1 -1
391 434 469 -1 -1
391 434 491 -1 -1
391 434 501 -1 -1
391 439 443 -1 -1
391 439 446 -1 -1
430 444 448 -1 -1
430 444 465 -1 -1
391 444 467 -1 -1
391 444 488 -1 -1
391 450 501 -1 -1
391 450 503 -1 -1
391 451 467 -1 -1
391 451 468 -1 -1
391 451 505 -1 -1
430 450 488 -1 -1
430 450 502 -1 -1
430 450 507 -1 -1
430 451 465 -1 -1
430 451 492 -1 -1
430 452 484 -1 -1
430 452 499 -1 -1
430 453 484 -1 -1
430 453 499 -1 -1
430 460 476 -1 -1
391 456 462 -1 -1
391 456 470 -1 -1
391 456 485 -1 -1
391 456 488 -1 -1
391 462 470 -1 -1
391 462 502 -1 -1
391 463 484 -1 -1
391 463 500 -1 -1
391 469 488 -1 -1
391 470 492 -1 -1
391 470 502 -1 -1
430 462 468 -1 -1
430 467 505 -1 -1
430 468 475 -1 -1
430 468 485 -1 -1
430 468 491 -1 -1
430 469 505 -1 -1
391 475 503 -1 -1
391 485 492 -1 -1
391 485 493 -1 -1
391 485 502 -1 -1
391 488 491 -1 -1
391 488 492 -1 -1
391 488 493 -1 -1
391 488 501 -1 -1
391 491 502 -1 -1
391 492 502 -1 -1
430 488 505 -1 -1
430 504 505 -1 -1
392 394 439 -1 -1
392 396 424 -1 -1
392 397 428 -1 -1
356 450 477 -1 -1
392 401 443 -1 -1
392 403 419 -1 -1
431 432 504 -1 -1
431 432 505 -1 -1
431 434 451 -1 -1
392 423 429 -1 -1
392 424 433 -1 -1
225 304 437 -1 -1
431 450 468 -1 -1
431 450 505 -1 -1
392 426 472 -1 -1
392 428 444 -1 -1
392 428 456 -1 -1
431 462 467 -1 -1
431 462 468 -1 -1
392 428 491 -1 -1
392 428 492 -1 -1
392 428 493 -1 -1
392 428 501 -1 -1
392 429 475 -1 -1
392 429 488 -1 -1
431 465 505 -1 -1
431 467 475 -1 -1
431 467 485 -1 -1
431 467 491 -1 -1
431 468 485 -1 -1
431 468 488 -1 -1
431 469 504 -1 -1
431 470 476 -1 -1
392 432 501 -1 -1
431 470 504 -1 -1
392 434 498 -1 -1
431 475 477 -1 -1
431 475 504 -1 -1
431 476 477 -1 -1
431 476 488 -1 -1
357 359 440 -1 -1
392 443 475 -1 -1
392 444 456 -1 -1
392 444 491 -1 -1
392 444 492 -1 -1
392 444 493 -1 -1
392 444 508 -1 -1
431 488 505 -1 -1
431 498 504 -1 -1
392 450 466 -1 -1
392 456 501 -1 -1
392 456 503 -1 -1
392 462 466 -1 -1
357 366 369 -1 -1
392 462 501 -1 -1
392 463 472 -1 -1
392 465 503 -1 -1
392 466 485 -1 -1
392 466 491 -1 -1
392 470 503 -1 -1
392 472 500 -1 -1
392 492 503 -1 -1
392 493 503 -1 -1
357 369 398 -1 -1
357 369 435 -1 -1
432 433 460 -1 -1
432 433 461 -1 -1
432 433 497 -1 -1
432 433 498 -1 -1
393 395 397 -1 -1
393 395 410 -1 -1
393 395 488 -1 -1
393 396 423 -1 -1
393 396 475 -1 -1
393 396 507 -1 -1
393 397 410 -1 -1
393 397 430 -1 -1
393 397 432 -1 -1
393 397 469 -1 -1
393 397 485 -1 -1
393 397 491 -1 -1
393 400 474 -1 -1
393 400 511 -1 -1
432 456 465 -1 -1
432 465 492 -1 -1
432 465 493 -1 -1
432 465 501 -1 -1
432 467 505 -1 -1
393 410 432 -1 -1
393 410 452 -1 -1
393 410 475 -1 -1
393 410 485 -1 -1
357 393 452 -1 -1
357 393 453 -1 -1
357 397 477 -1 -1
393 423 467 -1 -1
393 423 488 -1 -1
393 423 497 -1 -1
393 423 504 -1 -1
393 424 498 -1 -1
433 434 471 -1 -1
433 439 502 -1 -1
393 428 465 -1 -1
393 428 503 -1 -1
357 410 426 -1 -1
357 410 462 -1 -1
357 410 463 -1 -1
357 410 472 -1 -1
357 410 500 -1 -1
433 440 451 -1 -1
393 430 450 -1 -1
393 430 462 -1 -1
393 430 485 -1 -1
393 431 450 -1 -1
433 444 503 -1 -1
225 339 398 -1 -1
433 450 456 -1 -1
393 432 488 -1 -1
393 433 475 -1 -1
393 434 456 -1 -1
393 434 475 -1 -1
433 450 493 -1 -1
393 439 451 -1 -1
433 456 461 -1 -1
433 460 507 -1 -1
433 461 493 -1 -1
433 462 475 -1 -1
393 447 511 -1 -1
433 475 485 -1 -1
433 475 491 -1 -1
433 488 507 -1 -1
393 460 498 -1 -1
393 461 477 -1 -1
393 461 498 -1 -1
393 462 488 -1 -1
393 462 504 -1 -1
324 328 418 -1 -1
393 465 502 -1 -1
393 467 475 -1 -1
393 467 488 -1 -1
393 469 488 -1 -1
357 423 452 -1 -1
357 423 453 -1 -1
357 424 477 -1 -1
433 497 507 -1 -1
393 474 511 -1 -1
393 475 488 -1 -1
393 475 497 -1 -1
393 475 501 -1 -1
393 476 477 -1 -1
357 425 504 -1 -1
357 425 505 -1 -1
393 485 488 -1 -1
393 485 504 -1 -1
393 491 504 -1 -1
393 497 498 -1 -1
324 335 410 -1 -1
357 452 462 -1 -1
357 452 485 -1 -1
357 452 491 -1 -1
357 453 462 -1 -1
357 453 470 -1 -1
357 453 485 -1 -1
357 453 491 -1 -1
357 461 476 -1 -1
357 477 498 -1 -1
357 484 504 -1 -1
357 484 505 -1 -1
357 499 504 -1 -1
357 499 505 -1 -1
434 439 456 -1 -1
434 439 492 -1 -1
434 439 493 -1 -1
434 446 498 -1 -1
434 448 462 -1 -1
434 448 463 -1 -1
434 448 500 -1 -1
394 396 468 -1 -1
394 396 476 -1 -1
394 397 410 -1 -1
394 397 431 -1 -1
394 397 440 -1 -1
394 397 505 -1 -1
394 400 447 -1 -1
225 378 399 -1 -1
434 456 488 -1 -1
434 460 471 -1 -1
434 461 471 -1 -1
434 465 502 -1 -1
434 471 497 -1 -1
434 471 498 -1 -1
434 472 499 -1 -1
434 475 485 -1 -1
434 475 508 -1 -1
434 488 493 -1 -1
434 488 508 -1 -1
324 361 470 -1 -1
394 410 452 -1 -1
394 410 484 -1 -1
394 410 485 -1 -1
394 410 501 -1 -1
394 410 504 -1 -1
324 365 418 -1 -1
394 416 470 -1 -1
394 423 430 -1 -1
394 423 431 -1 -1
394 423 467 -1 -1
394 423 477 -1 -1
394 423 504 -1 -1
394 423 505 -1 -1
394 425 452 -1 -1
394 425 453 -1 -1
394 428 503 -1 -1
394 430 491 -1 -1
394 431 450 -1 -1
394 431 475 -1 -1
394 431 488 -1 -1
394 433 468 -1 -1
394 434 451 -1 -1
394 437 447 -1 -1
394 437 511 -1 -1
394 439 444 -1 -1
394 447 474 -1 -1
394 447 511 -1 -1
394 450 468 -1 -1
394 451 470 -1 -1
394 452 484 -1 -1
394 452 499 -1 -1
394 453 484 -1 -1
394 453 499 -1 -1
394 462 467 -1 -1
394 462 505 -1 -1
394 467 470 -1 -1
394 467 485 -1 -1
394 467 491 -1 -1
394 470 505 -1 -1
394 476 477 -1 -1
394 485 505 -1 -1
394 488 504 -1 -1
394 491 505 -1 -1
395 396 424 -1 -1
395 396 432 -1 -1
395 396 460 -1 -1
395 396 461 -1 -1
395 396 497 -1 -1
395 396 498 -1 -1
395 397 450 -1 -1
395 397 461 -1 -1
395 397 507 -1 -1
324 399 508 -1 -1
395 408 446 -1 -1
395 410 431 -1 -1
395 410 505 -1 -1
437 447 504 -1 -1
437 462 474 -1 -1
437 474 485 -1 -1
395 430 450 -1 -1
395 430 505 -1 -1
395 431 504 -1 -1
437 475 511 -1 -1
324 420 475 -1 -1
437 504 511 -1 -1
395 456 465 -1 -1
395 456 470 -1 -1
395 465 491 -1 -1
395 465 492 -1 -1
395 465 493 -1 -1
395 465 501 -1 -1
395 467 505 -1 -1
395 470 475 -1 -1
359 360 396 -1 -1
359 360 397 -1 -1
359 360 421 -1 -1
359 360 434 -1 -1
359 361 364 -1 -1
439 440 443 -1 -1
439 440 466 -1 -1
439 443 465 -1 -1
439 443 488 -1 -1
439 443 504 -1 -1
439 446 465 -1 -1
439 446 488 -1 -1
439 451 460 -1 -1
439 451 461 -1 -1
439 451 497 -1 -1
439 451 498 -1 -1
359 365 389 -1 -1
439 461 503 -1 -1
359 369 434 -1 -1
359 369 456 -1 -1
359 369 465 -1 -1
396 401 430 -1 -1
396 401 467 -1 -1
396 401 504 -1 -1
396 401 507 -1 -1
439 498 502 -1 -1
439 498 503 -1 -1
396 410 416 -1 -1
396 416 430 -1 -1
359 379 474 -1 -1
396 423 450 -1 -1
396 423 475 -1 -1
396 423 485 -1 -1
396 423 491 -1 -1
396 424 425 -1 -1
396 424 432 -1 -1
396 424 469 -1 -1
396 424 499 -1 -1
396 425 498 -1 -1
396 428 439 -1 -1
396 430 439 -1 -1
396 430 476 -1 -1
396 432 460 -1 -1
396 432 461 -1 -1
396 432 497 -1 -1
396 432 498 -1 -1
359 388 476 -1 -1
396 433 475 -1 -1
396 433 488 -1 -1
396 439 467 -1 -1
359 391 498 -1 -1
396 439 488 -1 -1
396 439 502 -1 -1
396 439 504 -1 -1
396 440 451 -1 -1
359 393 424 -1 -1
359 393 497 -1 -1
359 394 468 -1 -1
359 395 450 -1 -1
359 395 460 -1 -1
359 395 488 -1 -1
359 395 497 -1 -1
359 396 424 -1 -1
396 444 503 -1 -1
396 450 475 -1 -1
396 450 484 -1 -1
396 450 485 -1 -1
396 450 491 -1 -1
396 450 501 -1 -1
396 450 504 -1 -1
396 460 461 -1 -1
396 460 469 -1 -1
396 460 507 -1 -1
396 461 469 -1 -1
396 461 485 -1 -1
396 461 491 -1 -1
396 461 497 -1 -1
396 468 476 -1 -1
396 469 497 -1 -1
396 469 498 -1 -1
396 470 475 -1 -1
396 470 488 -1 -1
396 474 511 -1 -1
396 475 485 -1 -1
396 475 491 -1 -1
396 475 492 -1 -1
396 475 501 -1 -1
396 484 507 -1 -1
396 488 507 -1 -1
396 497 507 -1 -1
396 498 499 -1 -1
396 499 507 -1 -1
359 423 424 -1 -1
359 423 498 -1 -1
359 424 433 -1 -1
359 424 450 -1 -1
359 424 470 -1 -1
359 424 475 -1 -1
359 424 485 -1 -1
359 424 491 -1 -1
397 399 509 -1 -1
397 401 472 -1 -1
359 432 450 -1 -1
359 432 460 -1 -1
359 432 488 -1 -1
359 432 497 -1 -1
359 433 507 -1 -1
359 440 482 -1 -1
397 410 468 -1 -1
359 450 469 -1 -1
359 450 498 -1 -1
359 460 469 -1 -1
359 460 485 -1 -1
359 460 491 -1 -1
359 460 497 -1 -1
359 461 462 -1 -1
359 465 497 -1 -1
359 465 507 -1 -1
397 420 434 -1 -1
359 469 488 -1 -1
359 469 497 -1 -1
359 470 507 -1 -1
397 423 460 -1 -1
397 423 465 -1 -1
397 423 491 -1 -1
397 423 492 -1 -1
397 423 497 -1 -1
397 424 450 -1 -1
397 425 434 -1 -1
359 485 497 -1 -1
359 485 498 -1 -1
397 425 472 -1 -1
397 428 439 -1 -1
397 428 465 -1 -1
359 491 497 -1 -1
359 491 498 -1 -1
359 492 497 -1 -1
359 492 498 -1 -1
359 493 507 -1 -1
397 430 431 -1 -1
397 430 505 -1 -1
397 431 467 -1 -1
397 431 468 -1 -1
397 432 450 -1 -1
397 432 461 -1 -1
397 434 499 -1 -1
397 439 467 -1 -1
397 439 485 -1 -1
397 439 491 -1 -1
397 439 502 -1 -1
397 440 504 -1 -1
397 440 505 -1 -1
360 361 395 -1 -1
360 361 432 -1 -1
360 361 469 -1 -1
397 450 460 -1 -1
397 450 469 -1 -1
397 450 497 -1 -1
397 450 498 -1 -1
360 364 397 -1 -1
397 452 477 -1 -1
397 456 475 -1 -1
397 460 475 -1 -1
397 461 469 -1 -1
397 465 488 -1 -1
443 444 502 -1 -1
443 444 503 -1 -1
397 467 476 -1 -1
397 467 505 -1 -1
397 468 504 -1 -1
397 468 505 -1 -1
397 469 507 -1 -1
397 470 488 -1 -1
443 448 499 -1 -1
443 450 503 -1 -1
397 474 511 -1 -1
360 369 488 -1 -1
397 475 491 -1 -1
360 369 497 -1 -1
397 475 492 -1 -1
397 475 493 -1 -1
397 475 497 -1 -1
397 476 504 -1 -1
397 476 505 -1 -1
443 466 476 -1 -1
397 485 488 -1 -1
397 488 491 -1 -1
397 488 492 -1 -1
325 389 433 -1 -1
360 377 497 -1 -1
360 378 414 -1 -1
292 296 465 -1 -1
360 384 468 -1 -1
360 397 424 -1 -1
292 306 386 -1 -1
360 397 460 -1 -1
360 397 461 -1 -1
292 306 408 -1 -1
292 306 424 -1 -1
360 397 497 -1 -1
360 397 498 -1 -1
444 448 465 -1 -1
444 448 467 -1 -1
444 448 484 -1 -1
444 448 491 -1 -1
444 448 499 -1 -1
444 448 501 -1 -1
398 399 420 -1 -1
444 462 503 -1 -1
444 465 467 -1 -1
444 465 475 -1 -1
444 465 488 -1 -1
444 465 501 -1 -1
444 465 504 -1 -1
444 466 469 -1 -1
444 466 492 -1 -1
444 466 493 -1 -1
444 466 508 -1 -1
444 485 503 -1 -1
444 491 503 -1 -1
444 501 503 -1 -1
360 424 434 -1 -1
360 434 460 -1 -1
360 434 461 -1 -1
360 434 497 -1 -1
360 444 446 -1 -1
292 327 397 -1 -1
292 327 434 -1 -1
292 327 482 -1 -1
292 327 509 -1 -1
292 328 446 -1 -1
292 329 330 -1 -1
292 332 434 -1 -1
292 332 470 -1 -1
292 333 334 -1 -1
446 461 466 -1 -1
446 466 476 -1 -1
446 466 498 -1 -1
399 401 467 -1 -1
399 401 469 -1 -1
446 470 503 -1 -1
292 342 343 -1 -1
292 342 424 -1 -1
292 342 439 -1 -1
292 342 461 -1 -1
292 342 507 -1 -1
446 476 501 -1 -1
361 364 397 -1 -1
361 364 461 -1 -1
399 420 423 -1 -1
399 420 475 -1 -1
399 420 508 -1 -1
292 352 483 -1 -1
399 423 436 -1 -1
399 424 507 -1 -1
447 468 474 -1 -1
292 356 508 -1 -1
447 474 505 -1 -1
399 435 509 -1 -1
399 436 462 -1 -1
399 436 485 -1 -1
292 365 446 -1 -1
399 456 509 -1 -1
399 460 471 -1 -1
399 471 497 -1 -1
399 471 498 -1 -1
399 472 473 -1 -1
361 391 435 -1 -1
361 391 463 -1 -1
361 391 500 -1 -1
361 391 508 -1 -1
361 391 509 -1 -1
361 392 426 -1 -1
361 395 423 -1 -1
361 395 461 -1 -1
361 397 401 -1 -1
361 398 423 -1 -1
361 398 425 -1 -1
361 398 484 -1 -1
361 398 491 -1 -1
361 398 499 -1 -1
361 401 461 -1 -1
292 388 453 -1 -1
292 391 392 -1 -1
292 393 396 -1 -1
400 409 448 -1 -1
400 410 447 -1 -1
292 393 452 -1 -1
292 393 488 -1 -1
292 393 497 -1 -1
292 393 501 -1 -1
292 394 395 -1 -1
292 394 396 -1 -1
292 394 397 -1 -1
361 418 429 -1 -1
361 418 433 -1 -1
361 418 434 -1 -1
292 394 430 -1 -1
292 394 432 -1 -1
292 394 460 -1 -1
292 394 467 -1 -1
292 394 469 -1 -1
292 394 484 -1 -1
292 394 485 -1 -1
292 394 491 -1 -1
292 394 492 -1 -1
292 394 497 -1 -1
361 418 503 -1 -1
292 394 499 -1 -1
292 394 501 -1 -1
361 420 425 -1 -1
292 395 468 -1 -1
361 420 465 -1 -1
361 420 484 -1 -1
361 420 485 -1 -1
361 420 491 -1 -1
361 420 492 -1 -1
292 396 452 -1 -1
361 420 499 -1 -1
292 398 465 -1 -1
361 423 469 -1 -1
361 423 509 -1 -1
361 424 439 -1 -1
292 403 508 -1 -1
361 435 475 -1 -1
361 439 497 -1 -1
361 439 498 -1 -1
400 437 462 -1 -1
400 437 485 -1 -1
400 437 491 -1 -1
361 461 469 -1 -1
361 463 475 -1 -1
292 420 452 -1 -1
361 469 507 -1 -1
361 475 500 -1 -1
361 475 509 -1 -1
400 447 468 -1 -1
361 488 509 -1 -1
400 447 505 -1 -1
400 450 474 -1 -1
292 431 461 -1 -1
362 363 399 -1 -1
292 433 468 -1 -1
292 434 452 -1 -1
400 462 474 -1 -1
400 462 511 -1 -1
362 364 504 -1 -1
400 470 474 -1 -1
400 470 511 -1 -1
400 473 508 -1 -1
400 473 510 -1 -1
400 474 485 -1 -1
400 474 491 -1 -1
400 474 492 -1 -1
400 474 501 -1 -1
292 443 446 -1 -1
400 485 511 -1 -1
400 501 511 -1 -1
400 508 510 -1 -1
292 448 470 -1 -1
292 450 452 -1 -1
292 450 460 -1 -1
292 450 484 -1 -1
292 450 485 -1 -1
292 450 491 -1 -1
292 450 499 -1 -1
292 452 484 -1 -1
292 452 485 -1 -1
292 452 491 -1 -1
292 452 492 -1 -1
292 452 497 -1 -1
292 452 501 -1 -1
292 453 509 -1 -1
292 461 468 -1 -1
292 467 468 -1 -1
292 468 469 -1 -1
292 468 497 -1 -1
292 478 483 -1 -1
292 488 505 -1 -1
292 504 505 -1 -1
401 421 430 -1 -1
401 421 467 -1 -1
401 423 424 -1 -1
401 423 498 -1 -1
401 424 465 -1 -1
401 424 488 -1 -1
401 429 443 -1 -1
401 433 507 -1 -1
401 434 462 -1 -1
401 434 477 -1 -1
362 397 509 -1 -1
362 398 420 -1 -1
362 399 437 -1 -1
362 399 474 -1 -1
362 399 511 -1 -1
362 401 467 -1 -1
362 401 469 -1 -1
401 439 450 -1 -1
401 439 475 -1 -1
401 443 466 -1 -1
401 443 503 -1 -1
327 335 435 -1 -1
327 338 412 -1 -1
401 465 477 -1 -1
401 465 498 -1 -1
401 470 472 -1 -1
401 470 507 -1 -1
327 342 420 -1 -1
362 420 423 -1 -1
362 420 475 -1 -1
362 420 508 -1 -1
362 423 436 -1 -1
362 424 471 -1 -1
362 435 509 -1 -1
362 436 462 -1 -1
362 436 485 -1 -1
362 456 509 -1 -1
362 460 471 -1 -1
327 357 364 -1 -1
327 357 401 -1 -1
362 471 497 -1 -1
362 471 498 -1 -1
362 472 473 -1 -1
327 360 398 -1 -1
363 364 511 -1 -1
403 440 477 -1 -1
327 384 470 -1 -1
404 419 424 -1 -1
327 394 420 -1 -1
327 395 416 -1 -1
363 400 462 -1 -1
363 400 485 -1 -1
363 401 474 -1 -1
363 401 511 -1 -1
327 420 431 -1 -1
327 420 467 -1 -1
327 420 468 -1 -1
327 420 504 -1 -1
327 424 507 -1 -1
327 424 509 -1 -1
327 430 509 -1 -1
327 433 471 -1 -1
363 444 474 -1 -1
363 447 451 -1 -1
363 451 511 -1 -1
327 450 475 -1 -1
327 451 476 -1 -1
327 456 508 -1 -1
363 456 474 -1 -1
363 469 474 -1 -1
327 461 509 -1 -1
327 469 509 -1 -1
363 474 491 -1 -1
363 474 492 -1 -1
363 474 493 -1 -1
363 474 501 -1 -1
363 475 511 -1 -1
327 491 508 -1 -1
327 492 508 -1 -1
327 493 508 -1 -1
364 369 391 -1 -1
364 369 397 -1 -1
364 369 465 -1 -1
328 338 375 -1 -1
364 379 410 -1 -1
364 379 437 -1 -1
364 379 447 -1 -1
364 379 472 -1 -1
328 342 389 -1 -1
328 342 477 -1 -1
364 388 397 -1 -1
364 388 460 -1 -1
364 388 497 -1 -1
364 391 460 -1 -1
364 391 497 -1 -1
364 395 396 -1 -1
364 395 421 -1 -1
364 396 430 -1 -1
364 396 432 -1 -1
364 396 467 -1 -1
364 396 504 -1 -1
364 396 507 -1 -1
328 352 393 -1 -1
328 352 425 -1 -1
328 352 432 -1 -1
364 397 472 -1 -1
328 352 484 -1 -1
328 352 485 -1 -1
328 352 491 -1 -1
328 352 499 -1 -1
328 352 501 -1 -1
364 399 504 -1 -1
406 411 436 -1 -1
328 365 366 -1 -1
364 416 450 -1 -1
328 366 433 -1 -1
364 421 467 -1 -1
364 423 424 -1 -1
364 423 498 -1 -1
364 424 462 -1 -1
364 424 465 -1 -1
364 424 485 -1 -1
364 426 461 -1 -1
364 429 443 -1 -1
364 433 507 -1 -1
364 434 470 -1 -1
364 439 450 -1 -1
364 439 475 -1 -1
364 443 466 -1 -1
364 456 477 -1 -1
364 460 462 -1 -1
364 460 497 -1 -1
364 461 462 -1 -1
364 461 500 -1 -1
364 462 497 -1 -1
364 462 498 -1 -1
364 465 477 -1 -1
364 465 498 -1 -1
364 477 493 -1 -1
364 485 497 -1 -1
365 366 423 -1 -1
365 366 433 -1 -1
407 408 428 -1 -1
407 408 456 -1 -1
407 408 492 -1 -1
407 408 493 -1 -1
407 408 508 -1 -1
328 439 444 -1 -1
365 403 404 -1 -1
365 404 482 -1 -1
329 332 416 -1 -1
408 418 437 -1 -1
365 439 444 -1 -1
365 439 501 -1 -1
329 342 396 -1 -1
408 423 446 -1 -1
408 430 446 -1 -1
408 432 446 -1 -1
408 434 446 -1 -1
408 437 463 -1 -1
408 437 500 -1 -1
408 446 462 -1 -1
408 446 465 -1 -1
408 446 469 -1 -1
408 446 470 -1 -1
408 446 484 -1 -1
408 446 485 -1 -1
408 446 491 -1 -1
408 446 501 -1 -1
408 446 504 -1 -1
408 446 508 -1 -1
329 359 369 -1 -1
329 359 391 -1 -1
329 359 416 -1 -1
329 359 425 -1 -1
329 359 456 -1 -1
329 359 465 -1 -1
329 359 492 -1 -1
329 359 493 -1 -1
329 360 472 -1 -1
329 361 392 -1 -1
329 361 410 -1 -1
329 362 471 -1 -1
329 363 474 -1 -1
329 369 452 -1 -1
329 369 471 -1 -1
329 369 500 -1 -1
329 371 408 -1 -1
366 393 425 -1 -1
409 443 474 -1 -1
366 393 465 -1 -1
366 393 493 -1 -1
409 444 447 -1 -1
366 394 425 -1 -1
366 394 493 -1 -1
409 446 451 -1 -1
409 448 474 -1 -1
409 448 511 -1 -1
329 391 393 -1 -1
329 391 395 -1 -1
329 391 432 -1 -1
329 391 460 -1 -1
329 391 484 -1 -1
329 391 485 -1 -1
329 391 491 -1 -1
329 391 497 -1 -1
329 391 499 -1 -1
329 393 425 -1 -1
329 393 450 -1 -1
329 393 456 -1 -1
329 393 469 -1 -1
329 393 492 -1 -1
329 393 493 -1 -1
366 403 423 -1 -1
366 403 424 -1 -1
366 403 461 -1 -1
329 394 451 -1 -1
329 395 425 -1 -1
329 395 470 -1 -1
366 403 498 -1 -1
329 395 491 -1 -1
329 395 492 -1 -1
329 395 493 -1 -1
329 396 450 -1 -1
329 399 471 -1 -1
329 403 475 -1 -1
329 410 470 -1 -1
366 424 451 -1 -1
366 424 468 -1 -1
366 424 505 -1 -1
329 416 472 -1 -1
410 416 433 -1 -1
366 431 465 -1 -1
410 418 444 -1 -1
410 420 421 -1 -1
261 276 347 -1 -1
261 276 370 -1 -1
329 425 432 -1 -1
410 423 431 -1 -1
329 425 469 -1 -1
329 425 470 -1 -1
329 425 488 -1 -1
329 425 497 -1 -1
329 428 465 -1 -1
410 425 468 -1 -1
410 425 505 -1 -1
410 426 453 -1 -1
410 430 431 -1 -1
329 432 492 -1 -1
329 432 493 -1 -1
410 430 451 -1 -1
410 431 432 -1 -1
410 431 461 -1 -1
410 431 467 -1 -1
410 431 470 -1 -1
410 431 475 -1 -1
329 434 446 -1 -1
329 434 461 -1 -1
329 434 475 -1 -1
410 437 447 -1 -1
366 451 460 -1 -1
366 451 461 -1 -1
329 444 465 -1 -1
329 444 503 -1 -1
410 444 465 -1 -1
329 450 484 -1 -1
329 450 485 -1 -1
329 450 491 -1 -1
329 450 492 -1 -1
329 450 497 -1 -1
329 450 499 -1 -1
329 450 501 -1 -1
329 451 504 -1 -1
329 451 505 -1 -1
410 447 474 -1 -1
410 447 511 -1 -1
329 456 488 -1 -1
329 456 497 -1 -1
329 460 469 -1 -1
410 451 488 -1 -1
410 452 468 -1 -1
410 452 505 -1 -1
410 453 462 -1 -1
410 453 463 -1 -1
410 453 500 -1 -1
329 465 470 -1 -1
329 465 488 -1 -1
366 498 505 -1 -1
329 469 470 -1 -1
329 469 476 -1 -1
329 469 484 -1 -1
329 469 491 -1 -1
329 469 492 -1 -1
329 469 497 -1 -1
329 469 499 -1 -1
329 470 484 -1 -1
329 470 485 -1 -1
329 470 491 -1 -1
329 470 492 -1 -1
329 470 499 -1 -1
329 471 472 -1 -1
329 472 507 -1 -1
410 467 468 -1 -1
410 467 504 -1 -1
410 468 484 -1 -1
410 468 501 -1 -1
410 468 504 -1 -1
329 488 492 -1 -1
329 488 493 -1 -1
329 492 497 -1 -1
329 493 497 -1 -1
410 484 505 -1 -1
410 499 505 -1 -1
410 501 505 -1 -1
410 504 505 -1 -1
367 388 419 -1 -1
367 403 468 -1 -1
367 418 419 -1 -1
367 419 429 -1 -1
367 425 482 -1 -1
367 441 472 -1 -1
367 441 499 -1 -1
367 477 478 -1 -1
367 482 484 -1 -1
367 482 499 -1 -1
368 369 442 -1 -1
295 368 441 -1 -1
330 404 426 -1 -1
330 404 462 -1 -1
368 401 405 -1 -1
368 475 479 -1 -1
369 379 397 -1 -1
369 379 420 -1 -1
369 384 451 -1 -1
369 389 404 -1 -1
369 391 393 -1 -1
369 391 396 -1 -1
369 391 424 -1 -1
369 391 433 -1 -1
369 391 461 -1 -1
369 391 471 -1 -1
369 391 498 -1 -1
369 395 423 -1 -1
369 395 485 -1 -1
369 395 491 -1 -1
369 395 492 -1 -1
369 395 501 -1 -1
369 396 456 -1 -1
369 396 493 -1 -1
369 397 456 -1 -1
369 397 501 -1 -1
369 397 508 -1 -1
369 398 452 -1 -1
369 398 453 -1 -1
296 306 333 -1 -1
296 306 428 -1 -1
296 306 430 -1 -1
296 306 502 -1 -1
369 401 406 -1 -1
369 401 434 -1 -1
369 401 456 -1 -1
369 401 470 -1 -1
369 401 492 -1 -1
369 401 493 -1 -1
369 401 508 -1 -1
369 401 509 -1 -1
369 423 434 -1 -1
369 423 469 -1 -1
369 424 456 -1 -1
369 424 508 -1 -1
369 426 462 -1 -1
369 426 463 -1 -1
369 426 500 -1 -1
369 432 456 -1 -1
369 432 491 -1 -1
369 432 492 -1 -1
369 432 493 -1 -1
369 432 508 -1 -1
369 433 456 -1 -1
369 433 492 -1 -1
369 433 493 -1 -1
369 434 469 -1 -1
369 434 475 -1 -1
369 435 452 -1 -1
369 435 453 -1 -1
296 324 393 -1 -1
296 324 443 -1 -1
296 324 452 -1 -1
296 324 462 -1 -1
296 324 475 -1 -1
296 324 484 -1 -1
296 324 485 -1 -1
296 324 491 -1 -1
296 324 492 -1 -1
296 324 501 -1 -1
369 456 461 -1 -1
369 456 498 -1 -1
369 460 465 -1 -1
369 460 508 -1 -1
369 461 469 -1 -1
369 461 508 -1 -1
369 462 463 -1 -1
369 462 469 -1 -1
369 463 500 -1 -1
369 465 471 -1 -1
369 465 497 -1 -1
296 329 398 -1 -1
296 329 435 -1 -1
369 469 470 -1 -1
369 469 475 -1 -1
369 469 498 -1 -1
369 470 491 -1 -1
369 470 492 -1 -1
369 470 493 -1 -1
369 470 501 -1 -1
369 471 472 -1 -1
331 395 442 -1 -1
296 333 396 -1 -1
296 333 397 -1 -1
331 396 479 -1 -1
369 488 493 -1 -1
369 492 509 -1 -1
369 493 509 -1 -1
369 497 508 -1 -1
369 498 508 -1 -1
296 333 433 -1 -1
296 333 488 -1 -1
369 501 509 -1 -1
331 442 450 -1 -1
331 442 488 -1 -1
331 448 479 -1 -1
296 360 426 -1 -1
296 362 473 -1 -1
296 362 510 -1 -1
296 368 479 -1 -1
296 370 439 -1 -1
296 370 456 -1 -1
296 370 465 -1 -1
296 370 491 -1 -1
296 370 492 -1 -1
296 370 493 -1 -1
296 377 476 -1 -1
296 379 435 -1 -1
296 379 443 -1 -1
296 388 393 -1 -1
296 388 450 -1 -1
296 393 426 -1 -1
296 393 463 -1 -1
296 393 500 -1 -1
296 399 473 -1 -1
296 399 510 -1 -1
296 404 483 -1 -1
296 410 453 -1 -1
296 420 434 -1 -1
296 421 434 -1 -1
296 423 426 -1 -1
296 423 435 -1 -1
296 423 463 -1 -1
296 423 500 -1 -1
296 423 509 -1 -1
296 424 435 -1 -1
296 425 456 -1 -1
296 425 493 -1 -1
296 425 508 -1 -1
296 426 432 -1 -1
296 426 469 -1 -1
296 426 484 -1 -1
296 426 488 -1 -1
332 359 369 -1 -1
332 359 426 -1 -1
296 432 435 -1 -1
296 432 463 -1 -1
332 361 401 -1 -1
296 432 500 -1 -1
296 432 509 -1 -1
332 361 423 -1 -1
332 361 461 -1 -1
296 435 461 -1 -1
296 435 498 -1 -1
332 364 369 -1 -1
332 364 406 -1 -1
296 440 451 -1 -1
229 250 320 -1 -1
332 364 426 -1 -1
332 369 396 -1 -1
332 369 397 -1 -1
332 369 433 -1 -1
332 369 434 -1 -1
332 369 461 -1 -1
296 463 475 -1 -1
296 463 488 -1 -1
296 469 499 -1 -1
296 471 507 -1 -1
296 475 500 -1 -1
296 475 509 -1 -1
296 484 499 -1 -1
296 488 499 -1 -1
296 488 500 -1 -1
296 488 509 -1 -1
296 499 501 -1 -1
296 502 509 -1 -1
297 301 323 -1 -1
332 397 462 -1 -1
332 425 461 -1 -1
332 426 434 -1 -1
332 426 460 -1 -1
332 426 497 -1 -1
332 434 450 -1 -1
372 409 433 -1 -1
372 409 456 -1 -1
372 409 470 -1 -1
372 409 491 -1 -1
297 343 509 -1 -1
229 306 446 -1 -1
297 360 398 -1 -1
297 360 421 -1 -1
297 366 420 -1 -1
297 366 421 -1 -1
297 366 473 -1 -1
297 377 440 -1 -1
297 379 511 -1 -1
333 398 408 -1 -1
333 408 435 -1 -1
373 393 411 -1 -1
373 394 411 -1 -1
297 421 424 -1 -1
297 421 498 -1 -1
263 301 338 -1 -1
373 411 468 -1 -1
373 411 505 -1 -1
229 365 471 -1 -1
229 365 508 -1 -1
229 366 442 -1 -1
229 368 431 -1 -1
229 397 426 -1 -1
229 397 463 -1 -1
229 397 500 -1 -1
263 329 415 -1 -1
298 306 342 -1 -1
298 306 456 -1 -1
298 307 384 -1 -1
229 434 443 -1 -1
334 364 421 -1 -1
334 379 474 -1 -1
334 380 466 -1 -1
334 380 503 -1 -1
298 325 352 -1 -1
298 325 394 -1 -1
374 411 503 -1 -1
334 388 508 -1 -1
334 396 436 -1 -1
334 397 436 -1 -1
334 398 421 -1 -1
334 398 510 -1 -1
263 373 395 -1 -1
298 342 420 -1 -1
334 420 477 -1 -1
334 421 435 -1 -1
334 421 440 -1 -1
334 421 488 -1 -1
334 430 510 -1 -1
334 433 436 -1 -1
334 435 473 -1 -1
334 435 508 -1 -1
334 435 510 -1 -1
334 436 470 -1 -1
334 436 477 -1 -1
334 436 509 -1 -1
334 444 452 -1 -1
334 444 453 -1 -1
334 465 510 -1 -1
334 473 485 -1 -1
334 473 488 -1 -1
334 488 510 -1 -1
375 393 412 -1 -1
298 372 462 -1 -1
298 377 511 -1 -1
335 343 388 -1 -1
335 343 398 -1 -1
375 412 462 -1 -1
375 412 485 -1 -1
375 412 501 -1 -1
230 265 341 -1 -1
298 395 409 -1 -1
335 360 428 -1 -1
335 360 466 -1 -1
298 409 423 -1 -1
298 409 432 -1 -1
298 409 452 -1 -1
298 409 469 -1 -1
298 409 485 -1 -1
298 409 491 -1 -1
298 430 447 -1 -1
335 377 450 -1 -1
376 378 418 -1 -1
264 283 365 -1 -1
230 303 362 -1 -1
336 338 419 -1 -1
299 336 363 -1 -1
336 357 411 -1 -1
377 396 435 -1 -1
377 397 398 -1 -1
299 342 424 -1 -1
377 421 456 -1 -1
377 421 492 -1 -1
377 421 493 -1 -1
377 423 471 -1 -1
377 425 508 -1 -1
377 426 508 -1 -1
377 433 435 -1 -1
377 437 510 -1 -1
377 461 471 -1 -1
377 463 508 -1 -1
299 370 428 -1 -1
299 370 502 -1 -1
299 371 401 -1 -1
299 371 505 -1 -1
299 372 445 -1 -1
377 499 508 -1 -1
377 500 508 -1 -1
230 376 473 -1 -1
336 410 425 -1 -1
336 410 484 -1 -1
336 410 485 -1 -1
336 410 491 -1 -1
336 410 499 -1 -1
336 411 453 -1 -1
378 388 414 -1 -1
299 396 408 -1 -1
299 397 400 -1 -1
299 408 508 -1 -1
299 409 421 -1 -1
299 409 426 -1 -1
299 409 463 -1 -1
299 409 500 -1 -1
378 414 462 -1 -1
378 414 463 -1 -1
378 414 500 -1 -1
379 380 381 -1 -1
231 232 343 -1 -1
231 232 384 -1 -1
231 232 448 -1 -1
337 374 419 -1 -1
379 396 400 -1 -1
379 396 434 -1 -1
379 400 423 -1 -1
379 400 433 -1 -1
379 400 507 -1 -1
379 401 410 -1 -1
379 401 437 -1 -1
379 401 447 -1 -1
379 401 511 -1 -1
379 423 511 -1 -1
379 424 437 -1 -1
300 336 423 -1 -1
300 336 461 -1 -1
300 336 470 -1 -1
379 437 460 -1 -1
379 437 461 -1 -1
379 437 475 -1 -1
379 437 497 -1 -1
379 437 498 -1 -1
300 339 341 -1 -1
379 444 456 -1 -1
379 444 465 -1 -1
379 445 470 -1 -1
379 470 474 -1 -1
379 472 498 -1 -1
379 474 491 -1 -1
379 474 501 -1 -1
379 475 511 -1 -1
300 369 373 -1 -1
231 268 299 -1 -1
231 268 433 -1 -1
265 302 361 -1 -1
265 302 397 -1 -1
265 302 434 -1 -1
300 373 423 -1 -1
300 373 498 -1 -1
231 274 310 -1 -1
231 281 282 -1 -1
231 284 327 -1 -1
338 365 375 -1 -1
265 327 405 -1 -1
338 375 470 -1 -1
338 375 488 -1 -1
231 298 343 -1 -1
265 334 368 -1 -1
231 299 439 -1 -1
381 384 471 -1 -1
265 339 377 -1 -1
231 306 370 -1 -1
301 339 412 -1 -1
231 362 435 -1 -1
231 363 408 -1 -1
231 363 445 -1 -1
231 392 437 -1 -1
231 400 408 -1 -1
231 400 416 -1 -1
231 400 508 -1 -1
231 410 471 -1 -1
231 410 484 -1 -1
231 432 511 -1 -1
231 447 471 -1 -1
231 470 472 -1 -1
231 471 474 -1 -1
231 471 511 -1 -1
231 474 488 -1 -1
231 488 511 -1 -1
266 296 310 -1 -1
266 302 378 -1 -1
340 404 415 -1 -1
232 268 509 -1 -1
232 278 389 -1 -1
232 296 443 -1 -1
232 305 475 -1 -1
232 324 366 -1 -1
232 324 423 -1 -1
232 324 424 -1 -1
232 324 461 -1 -1
232 324 470 -1 -1
232 324 498 -1 -1
232 327 386 -1 -1
232 328 367 -1 -1
232 344 380 -1 -1
232 359 386 -1 -1
232 359 407 -1 -1
232 359 428 -1 -1
232 359 429 -1 -1
232 359 466 -1 -1
232 359 502 -1 -1
342 343 388 -1 -1
342 343 416 -1 -1
342 343 453 -1 -1
232 365 367 -1 -1
232 366 381 -1 -1
232 366 416 -1 -1
342 357 428 -1 -1
342 357 503 -1 -1
232 381 445 -1 -1
232 381 504 -1 -1
342 360 388 -1 -1
342 361 388 -1 -1
232 386 397 -1 -1
232 386 424 -1 -1
232 386 460 -1 -1
232 386 461 -1 -1
232 386 497 -1 -1
232 386 498 -1 -1
342 363 398 -1 -1
342 365 389 -1 -1
232 391 466 -1 -1
232 395 407 -1 -1
232 397 428 -1 -1
232 397 503 -1 -1
232 407 423 -1 -1
232 407 424 -1 -1
232 407 432 -1 -1
232 407 461 -1 -1
232 409 500 -1 -1
342 388 428 -1 -1
342 394 471 -1 -1
232 424 428 -1 -1
232 424 502 -1 -1
232 425 471 -1 -1
232 428 497 -1 -1
342 398 447 -1 -1
232 429 434 -1 -1
232 431 444 -1 -1
232 434 466 -1 -1
342 408 445 -1 -1
232 448 466 -1 -1
342 416 428 -1 -1
342 416 429 -1 -1
342 416 444 -1 -1
342 416 501 -1 -1
342 416 502 -1 -1
342 416 503 -1 -1
342 418 448 -1 -1
232 460 502 -1 -1
342 420 444 -1 -1
232 471 499 -1 -1
342 428 453 -1 -1
342 429 453 -1 -1
232 492 502 -1 -1
232 498 502 -1 -1
342 444 451 -1 -1
342 453 503 -1 -1
342 468 471 -1 -1
342 471 504 -1 -1
342 471 505 -1 -1
342 500 504 -1 -1
267 365 415 -1 -1
343 363 428 -1 -1
343 363 444 -1 -1
343 379 433 -1 -1
343 380 465 -1 -1
343 398 510 -1 -1
343 400 433 -1 -1
343 400 434 -1 -1
343 408 510 -1 -1
343 420 436 -1 -1
343 433 474 -1 -1
343 434 511 -1 -1
233 293 308 -1 -1
343 456 511 -1 -1
304 341 369 -1 -1
304 341 396 -1 -1
304 341 428 -1 -1
304 341 433 -1 -1
304 341 503 -1 -1
343 474 491 -1 -1
343 474 492 -1 -1
343 474 493 -1 -1
343 474 501 -1 -1
268 269 473 -1 -1
343 507 510 -1 -1
344 345 381 -1 -1
268 292 460 -1 -1
268 292 497 -1 -1
268 296 307 -1 -1
268 298 329 -1 -1
268 298 344 -1 -1
268 298 366 -1 -1
268 298 380 -1 -1
268 298 395 -1 -1
268 298 406 -1 -1
268 298 488 -1 -1
268 298 502 -1 -1
268 298 509 -1 -1
268 306 473 -1 -1
268 327 359 -1 -1
268 327 397 -1 -1
268 327 434 -1 -1
268 328 440 -1 -1
268 332 380 -1 -1
268 333 398 -1 -1
268 335 336 -1 -1
305 333 416 -1 -1
305 334 445 -1 -1
268 357 448 -1 -1
268 359 380 -1 -1
268 359 416 -1 -1
268 359 460 -1 -1
268 359 477 -1 -1
268 360 370 -1 -1
268 360 406 -1 -1
268 360 407 -1 -1
268 364 445 -1 -1
268 366 397 -1 -1
268 369 394 -1 -1
268 369 443 -1 -1
268 380 396 -1 -1
268 380 421 -1 -1
268 380 463 -1 -1
268 381 431 -1 -1
305 360 476 -1 -1
268 386 470 -1 -1
268 388 507 -1 -1
268 395 396 -1 -1
268 395 416 -1 -1
268 395 433 -1 -1
268 395 445 -1 -1
268 396 416 -1 -1
268 396 432 -1 -1
268 396 433 -1 -1
268 396 498 -1 -1
268 397 430 -1 -1
268 397 467 -1 -1
268 397 469 -1 -1
268 397 485 -1 -1
268 397 491 -1 -1
268 397 502 -1 -1
268 397 504 -1 -1
268 401 499 -1 -1
268 406 425 -1 -1
268 406 426 -1 -1
268 406 463 -1 -1
268 416 424 -1 -1
268 416 432 -1 -1
268 416 434 -1 -1
268 416 461 -1 -1
268 421 507 -1 -1
268 423 470 -1 -1
268 424 433 -1 -1
268 424 508 -1 -1
268 428 434 -1 -1
268 430 470 -1 -1
268 431 505 -1 -1
268 432 433 -1 -1
268 432 445 -1 -1
268 434 440 -1 -1
268 434 460 -1 -1
268 434 467 -1 -1
268 434 484 -1 -1
268 434 485 -1 -1
268 434 504 -1 -1
268 445 507 -1 -1
305 406 431 -1 -1
305 406 504 -1 -1
305 406 505 -1 -1
268 451 472 -1 -1
268 456 470 -1 -1
268 462 470 -1 -1
268 467 470 -1 -1
268 470 493 -1 -1
305 418 469 -1 -1
305 418 470 -1 -1
268 472 509 -1 -1
268 477 498 -1 -1
268 499 507 -1 -1
268 500 507 -1 -1
305 476 508 -1 -1
306 327 329 -1 -1
306 329 361 -1 -1
306 329 381 -1 -1
306 329 420 -1 -1
306 329 428 -1 -1
306 329 430 -1 -1
306 329 467 -1 -1
306 329 488 -1 -1
306 329 497 -1 -1
306 329 504 -1 -1
306 331 405 -1 -1
269 298 363 -1 -1
306 338 412 -1 -1
269 306 307 -1 -1
269 307 335 -1 -1
306 344 418 -1 -1
306 344 429 -1 -1
347 352 451 -1 -1
306 356 404 -1 -1
306 359 396 -1 -1
306 359 407 -1 -1
306 360 397 -1 -1
306 360 434 -1 -1
306 361 424 -1 -1
306 361 434 -1 -1
306 361 498 -1 -1
306 366 425 -1 -1
306 366 444 -1 -1
306 366 469 -1 -1
306 366 491 -1 -1
306 366 492 -1 -1
306 366 493 -1 -1
306 366 499 -1 -1
269 329 361 -1 -1
269 329 428 -1 -1
269 329 429 -1 -1
269 329 466 -1 -1
269 332 466 -1 -1
306 381 424 -1 -1
306 381 460 -1 -1
306 381 461 -1 -1
306 381 497 -1 -1
306 381 498 -1 -1
306 386 429 -1 -1
306 386 466 -1 -1
306 388 423 -1 -1
306 391 429 -1 -1
306 391 466 -1 -1
269 344 476 -1 -1
306 394 468 -1 -1
306 395 456 -1 -1
306 395 460 -1 -1
306 395 472 -1 -1
306 395 497 -1 -1
306 395 501 -1 -1
306 395 507 -1 -1
306 396 440 -1 -1
306 396 451 -1 -1
306 396 461 -1 -1
306 397 425 -1 -1
306 397 426 -1 -1
306 397 463 -1 -1
306 397 484 -1 -1
306 397 499 -1 -1
306 397 500 -1 -1
347 418 433 -1 -1
306 401 440 -1 -1
306 406 472 -1 -1
306 406 476 -1 -1
306 406 502 -1 -1
306 407 410 -1 -1
306 407 447 -1 -1
306 407 463 -1 -1
306 407 472 -1 -1
306 407 500 -1 -1
306 410 428 -1 -1
306 410 461 -1 -1
269 361 424 -1 -1
269 361 498 -1 -1
306 423 428 -1 -1
306 423 456 -1 -1
306 423 462 -1 -1
306 423 477 -1 -1
306 423 493 -1 -1
306 423 507 -1 -1
306 424 488 -1 -1
306 424 507 -1 -1
306 425 434 -1 -1
306 428 447 -1 -1
306 428 469 -1 -1
306 428 472 -1 -1
306 428 488 -1 -1
306 429 465 -1 -1
306 429 503 -1 -1
306 430 461 -1 -1
306 430 472 -1 -1
306 432 443 -1 -1
306 432 460 -1 -1
306 432 462 -1 -1
306 432 467 -1 -1
306 432 472 -1 -1
306 432 485 -1 -1
306 432 491 -1 -1
306 432 497 -1 -1
306 432 501 -1 -1
306 432 507 -1 -1
306 433 440 -1 -1
269 366 386 -1 -1
269 366 444 -1 -1
269 366 501 -1 -1
306 433 451 -1 -1
306 434 508 -1 -1
306 439 440 -1 -1
306 443 476 -1 -1
306 447 461 -1 -1
306 456 469 -1 -1
306 456 476 -1 -1
306 456 502 -1 -1
306 456 504 -1 -1
306 461 488 -1 -1
306 461 507 -1 -1
306 465 466 -1 -1
306 466 503 -1 -1
306 467 472 -1 -1
306 467 477 -1 -1
306 469 477 -1 -1
306 469 493 -1 -1
306 470 476 -1 -1
306 470 502 -1 -1
306 476 493 -1 -1
306 477 502 -1 -1
306 488 498 -1 -1
269 381 451 -1 -1
306 492 502 -1 -1
269 381 471 -1 -1
306 498 507 -1 -1
269 386 424 -1 -1
269 386 475 -1 -1
269 386 498 -1 -1
269 388 476 -1 -1
269 392 467 -1 -1
269 395 501 -1 -1
269 395 502 -1 -1
269 396 429 -1 -1
269 396 466 -1 -1
269 397 426 -1 -1
269 397 463 -1 -1
269 397 500 -1 -1
269 406 407 -1 -1
269 406 428 -1 -1
269 406 432 -1 -1
269 406 440 -1 -1
269 406 472 -1 -1
269 406 488 -1 -1
269 407 410 -1 -1
269 407 447 -1 -1
269 407 472 -1 -1
269 408 470 -1 -1
269 409 470 -1 -1
269 410 429 -1 -1
269 410 466 -1 -1
269 423 429 -1 -1
269 423 466 -1 -1
269 423 502 -1 -1
269 424 428 -1 -1
269 424 443 -1 -1
269 424 502 -1 -1
269 426 434 -1 -1
269 428 498 -1 -1
269 429 447 -1 -1
269 429 472 -1 -1
269 429 485 -1 -1
269 429 491 -1 -1
269 429 492 -1 -1
269 432 501 -1 -1
269 432 502 -1 -1
269 434 463 -1 -1
269 443 469 -1 -1
269 446 451 -1 -1
269 447 466 -1 -1
269 461 502 -1 -1
269 462 476 -1 -1
269 466 472 -1 -1
269 466 485 -1 -1
269 466 491 -1 -1
269 466 492 -1 -1
269 467 501 -1 -1
269 469 501 -1 -1
269 470 503 -1 -1
269 476 501 -1 -1
269 498 502 -1 -1
270 278 308 -1 -1
270 306 380 -1 -1
201 202 461 -1 -1
201 238 368 -1 -1
201 238 477 -1 -1
236 274 466 -1 -1
272 334 383 -1 -1
237 313 349 -1 -1
237 330 421 -1 -1
237 330 509 -1 -1
237 376 410 -1 -1
238 250 441 -1 -1
274 283 396 -1 -1
274 283 421 -1 -1
274 283 425 -1 -1
238 315 363 -1 -1
238 323 338 -1 -1
238 328 397 -1 -1
238 331 441 -1 -1
238 333 362 -1 -1
238 343 404 -1 -1
238 357 390 -1 -1
238 365 397 -1 -1
238 365 421 -1 -1
238 365 434 -1 -1
238 365 448 -1 -1
238 365 482 -1 -1
238 365 484 -1 -1
238 367 428 -1 -1
238 367 433 -1 -1
238 367 434 -1 -1
238 367 443 -1 -1
238 367 460 -1 -1
238 367 491 -1 -1
238 367 492 -1 -1
238 367 502 -1 -1
238 370 409 -1 -1
238 372 426 -1 -1
238 372 462 -1 -1
238 372 463 -1 -1
238 372 484 -1 -1
238 372 500 -1 -1
238 384 389 -1 -1
238 392 482 -1 -1
238 397 404 -1 -1
238 413 419 -1 -1
238 444 482 -1 -1
238 476 482 -1 -1
204 224 366 -1 -1
204 267 306 -1 -1
204 330 483 -1 -1
204 368 451 -1 -1
204 401 478 -1 -1
278 299 395 -1 -1
278 299 469 -1 -1
278 299 508 -1 -1
278 325 419 -1 -1
278 360 482 -1 -1
278 364 478 -1 -1
278 380 429 -1 -1
278 380 466 -1 -1
278 391 441 -1 -1
278 393 482 -1 -1
278 423 478 -1 -1
278 425 441 -1 -1
278 440 441 -1 -1
278 441 484 -1 -1
278 441 485 -1 -1
278 441 491 -1 -1
278 441 492 -1 -1
278 441 499 -1 -1
278 461 482 -1 -1
278 471 482 -1 -1
278 482 507 -1 -1
207 244 352 -1 -1
207 296 301 -1 -1
207 301 423 -1 -1
207 301 430 -1 -1
207 301 467 -1 -1
207 301 482 -1 -1
207 301 488 -1 -1
207 301 502 -1 -1
207 301 504 -1 -1
105 179 384 -1 -1
283 301 428 -1 -1
283 301 429 -1 -1
283 331 337 -1 -1
283 338 369 -1 -1
284 296 474 -1 -1
284 322 344 -1 -1
284 343 439 -1 -1
284 360 380 -1 -1
284 381 387 -1 -1
284 392 511 -1 -1
284 400 443 -1 -1
284 408 424 -1 -1
284 408 448 -1 -1
284 408 465 -1 -1
284 408 498 -1 -1
284 445 499 -1 -1
284 465 474 -1 -1
247 310 479 -1 -1
210 377 478 -1 -1
210 404 415 -1 -1
250 377 483 -1 -1
250 405 415 -1 -1
213 229 270 -1 -1
253 276 311 -1 -1
448 450 460 470 -1
224 225 230 370 -1
224 225 230 395 -1
448 450 470 497 -1
224 225 230 503 -1
352 353 371 412 -1
448 451 472 476 -1
448 451 476 493 -1
416 418 420 448 -1
416 418 421 448 -1
448 452 477 501 -1
482 483 488 498 -1
482 483 497 498 -1
482 483 498 504 -1
448 452 503 504 -1
448 453 466 477 -1
448 453 477 502 -1
448 453 503 504 -1
416 418 435 505 -1
448 456 462 463 -1
448 456 462 500 -1
448 456 463 469 -1
448 456 463 472 -1
448 456 463 475 -1
448 456 463 485 -1
448 456 463 491 -1
448 456 463 501 -1
448 456 469 500 -1
448 456 472 500 -1
448 456 475 500 -1
448 456 484 501 -1
448 456 485 500 -1
448 456 491 500 -1
484 485 497 498 -1
484 491 497 498 -1
448 456 499 501 -1
448 456 500 501 -1
484 491 499 500 -1
448 461 463 507 -1
484 508 510 511 -1
485 488 491 493 -1
485 488 492 493 -1
485 488 499 500 -1
485 488 504 505 -1
485 491 497 498 -1
416 419 441 476 -1
448 461 500 507 -1
448 462 463 491 -1
448 462 463 492 -1
448 462 463 493 -1
485 497 498 499 -1
485 502 503 505 -1
485 508 510 511 -1
416 419 448 482 -1
448 462 491 500 -1
448 462 492 500 -1
448 462 493 500 -1
448 462 498 507 -1
448 463 468 477 -1
448 463 469 508 -1
448 463 472 492 -1
448 463 472 493 -1
448 463 472 508 -1
448 463 475 493 -1
448 463 475 507 -1
448 463 475 508 -1
448 463 477 505 -1
224 225 270 380 -1
352 354 355 360 -1
448 463 485 492 -1
448 463 485 493 -1
448 463 488 502 -1
448 463 488 508 -1
448 463 491 492 -1
448 463 491 493 -1
448 463 492 501 -1
448 463 493 501 -1
448 463 501 508 -1
416 420 433 451 -1
488 491 499 500 -1
488 491 504 505 -1
488 501 503 505 -1
491 502 503 505 -1
491 508 510 511 -1
492 493 497 498 -1
492 502 503 505 -1
448 468 477 500 -1
416 421 439 501 -1
448 469 500 508 -1
497 498 504 505 -1
448 472 492 500 -1
448 472 493 500 -1
448 472 500 508 -1
499 508 510 511 -1
448 475 484 503 -1
448 475 493 500 -1
448 475 499 503 -1
448 475 500 507 -1
448 475 500 508 -1
501 502 503 505 -1
502 503 504 505 -1
448 477 500 505 -1
448 482 483 501 -1
384 388 389 390 -1
448 484 488 503 -1
448 484 492 501 -1
448 484 493 501 -1
416 423 431 433 -1
448 484 501 502 -1
448 484 501 508 -1
448 485 492 500 -1
448 485 493 500 -1
448 488 499 503 -1
416 423 433 467 -1
448 488 500 502 -1
416 423 433 505 -1
448 491 492 500 -1
416 423 434 467 -1
416 423 434 468 -1
448 491 493 500 -1
384 388 390 404 -1
448 491 499 501 -1
448 491 500 508 -1
416 423 446 448 -1
448 492 499 501 -1
448 492 500 501 -1
448 493 499 501 -1
448 493 500 501 -1
384 388 398 428 -1
384 388 398 440 -1
384 388 398 492 -1
384 388 398 493 -1
448 499 501 502 -1
448 499 501 508 -1
448 500 501 508 -1
416 424 429 434 -1
416 424 430 470 -1
224 225 336 360 -1
416 424 434 466 -1
384 388 424 509 -1
384 388 428 435 -1
416 424 447 510 -1
384 388 433 510 -1
384 388 435 440 -1
384 388 435 502 -1
384 388 444 447 -1
416 424 467 470 -1
416 424 470 504 -1
416 424 470 505 -1
416 425 433 452 -1
384 389 390 431 -1
384 389 390 447 -1
224 225 363 445 -1
224 225 364 395 -1
224 225 364 424 -1
224 225 364 469 -1
224 225 364 498 -1
416 426 431 450 -1
224 225 374 416 -1
416 426 448 452 -1
416 426 448 453 -1
224 225 380 391 -1
224 225 380 465 -1
416 428 433 439 -1
416 428 433 466 -1
416 428 439 472 -1
416 428 443 472 -1
224 225 391 482 -1
224 225 394 503 -1
416 429 430 448 -1
416 429 431 448 -1
416 429 433 466 -1
416 429 433 502 -1
416 429 434 498 -1
352 356 364 377 -1
416 429 448 467 -1
352 356 369 400 -1
384 390 404 447 -1
352 356 377 401 -1
352 356 377 403 -1
352 356 377 416 -1
352 356 377 469 -1
416 430 433 439 -1
416 430 433 485 -1
416 430 433 491 -1
416 430 433 504 -1
416 430 434 475 -1
416 430 436 447 -1
416 430 437 445 -1
352 356 380 419 -1
416 430 448 466 -1
352 356 384 475 -1
384 390 424 475 -1
384 390 425 482 -1
384 390 426 482 -1
224 225 465 482 -1
416 430 470 498 -1
416 430 471 472 -1
352 356 393 461 -1
352 356 394 476 -1
416 431 432 433 -1
416 431 433 440 -1
416 431 433 461 -1
416 431 433 469 -1
416 431 433 476 -1
384 390 461 475 -1
416 431 434 461 -1
416 431 434 470 -1
352 356 395 423 -1
352 356 400 470 -1
352 356 403 470 -1
416 431 448 466 -1
416 431 450 463 -1
416 431 450 470 -1
416 431 450 499 -1
416 431 450 500 -1
384 390 472 483 -1
384 390 475 507 -1
384 390 477 478 -1
384 390 482 484 -1
384 390 483 488 -1
352 356 408 510 -1
416 431 465 470 -1
416 431 470 488 -1
352 356 423 432 -1
352 356 423 469 -1
352 356 424 425 -1
352 356 424 426 -1
352 356 424 452 -1
352 356 424 499 -1
352 356 424 500 -1
352 356 426 497 -1
352 356 426 498 -1
352 356 430 476 -1
384 391 399 446 -1
352 356 444 502 -1
352 356 448 469 -1
352 356 448 501 -1
352 356 452 460 -1
352 356 452 498 -1
384 391 418 432 -1
384 391 418 456 -1
352 356 461 488 -1
352 356 468 476 -1
352 356 470 511 -1
352 356 475 485 -1
352 356 475 488 -1
352 356 476 505 -1
384 391 418 493 -1
384 391 421 445 -1
352 356 497 500 -1
352 356 498 499 -1
416 433 439 460 -1
416 433 439 484 -1
416 433 439 488 -1
416 433 439 497 -1
416 433 439 501 -1
416 433 439 504 -1
416 433 440 505 -1
384 391 448 450 -1
416 433 447 474 -1
416 433 447 511 -1
416 433 450 505 -1
416 433 451 475 -1
416 433 452 484 -1
416 433 452 499 -1
416 433 453 484 -1
416 433 453 499 -1
416 433 465 468 -1
416 433 465 504 -1
416 433 466 502 -1
416 433 467 476 -1
416 433 467 485 -1
416 433 467 491 -1
416 433 467 492 -1
416 433 467 504 -1
416 433 468 488 -1
450 451 453 456 -1
450 451 453 492 -1
450 451 453 493 -1
450 451 468 508 -1
450 451 468 509 -1
450 451 469 471 -1
450 451 471 484 -1
450 451 471 485 -1
450 451 471 491 -1
450 451 471 499 -1
450 451 471 501 -1
450 451 471 507 -1
416 433 485 504 -1
416 433 485 505 -1
416 433 491 504 -1
416 433 491 505 -1
416 433 492 504 -1
416 433 492 505 -1
416 434 440 451 -1
450 451 505 508 -1
450 451 505 509 -1
450 452 456 509 -1
450 452 460 498 -1
450 452 462 475 -1
450 452 462 488 -1
450 452 462 502 -1
450 452 462 504 -1
450 452 463 485 -1
450 452 463 488 -1
450 452 463 504 -1
450 452 467 507 -1
416 434 450 505 -1
450 452 470 508 -1
416 434 452 477 -1
450 452 488 500 -1
384 392 403 418 -1
416 434 461 468 -1
416 434 461 504 -1
416 434 461 505 -1
450 452 491 507 -1
450 452 493 509 -1
450 452 497 498 -1
450 452 500 504 -1
450 452 501 507 -1
450 452 504 507 -1
416 434 466 498 -1
416 434 467 475 -1
416 434 468 475 -1
384 392 408 470 -1
416 434 475 504 -1
450 453 477 482 -1
384 392 418 502 -1
352 357 404 509 -1
450 456 460 470 -1
384 392 434 451 -1
450 456 465 466 -1
450 456 470 497 -1
450 456 470 498 -1
450 456 472 510 -1
450 456 475 491 -1
450 456 475 492 -1
450 456 475 493 -1
450 456 484 509 -1
416 436 447 467 -1
416 436 447 468 -1
416 436 447 504 -1
450 456 488 491 -1
450 456 488 492 -1
450 456 488 493 -1
450 456 491 502 -1
450 456 491 509 -1
450 456 492 502 -1
450 456 492 509 -1
450 456 493 502 -1
450 456 493 507 -1
450 456 499 509 -1
450 456 501 509 -1
450 456 504 509 -1
450 460 461 467 -1
450 460 461 484 -1
450 460 461 502 -1
450 460 461 504 -1
450 460 462 469 -1
450 460 462 475 -1
450 460 462 507 -1
450 460 467 475 -1
450 460 467 498 -1
450 460 467 507 -1
450 460 467 508 -1
450 460 470 493 -1
450 460 475 488 -1
450 460 475 502 -1
450 460 484 498 -1
450 460 488 498 -1
450 460 488 507 -1
450 460 488 508 -1
450 460 498 499 -1
450 460 498 502 -1
450 460 498 504 -1
450 460 501 507 -1
450 461 462 497 -1
450 461 467 497 -1
450 461 475 498 -1
450 461 484 497 -1
450 461 485 497 -1
450 461 488 498 -1
416 437 445 460 -1
416 437 445 467 -1
416 437 445 488 -1
416 437 445 497 -1
416 437 445 504 -1
384 393 399 409 -1
384 393 399 416 -1
384 393 401 435 -1
450 461 497 502 -1
450 461 497 504 -1
450 461 498 502 -1
450 461 498 507 -1
450 462 463 500 -1
450 462 465 466 -1
450 462 465 502 -1
450 462 467 488 -1
450 462 467 502 -1
450 462 467 507 -1
450 462 474 511 -1
450 462 475 484 -1
450 462 475 485 -1
450 462 475 491 -1
450 462 475 497 -1
450 462 475 499 -1
450 462 475 501 -1
450 462 475 504 -1
450 462 484 488 -1
450 462 484 502 -1
450 462 484 507 -1
450 462 485 488 -1
450 462 485 502 -1
450 462 485 504 -1
450 462 488 491 -1
450 462 488 499 -1
450 462 488 501 -1
450 462 488 507 -1
450 462 491 502 -1
450 462 491 504 -1
450 462 492 504 -1
450 462 497 507 -1
450 462 499 502 -1
450 462 499 507 -1
450 462 501 504 -1
450 462 501 507 -1
450 463 465 500 -1
384 393 416 509 -1
450 463 475 499 -1
450 463 484 507 -1
450 463 485 500 -1
450 463 488 499 -1
450 463 499 502 -1
450 463 499 504 -1
450 463 500 504 -1
450 465 466 493 -1
416 439 448 505 -1
384 393 426 450 -1
450 465 467 502 -1
450 465 472 473 -1
450 465 475 501 -1
450 465 475 503 -1
450 465 476 477 -1
450 465 484 502 -1
450 465 485 502 -1
450 465 488 501 -1
450 465 488 503 -1
450 465 491 502 -1
450 465 492 502 -1
450 465 501 502 -1
450 465 501 509 -1
450 465 502 504 -1
450 465 503 507 -1
450 465 503 509 -1
450 467 469 493 -1
416 440 450 451 -1
450 467 474 511 -1
450 467 475 488 -1
450 467 475 497 -1
450 467 475 502 -1
384 393 450 463 -1
384 393 450 500 -1
450 467 484 488 -1
450 467 484 502 -1
450 467 485 488 -1
450 467 485 502 -1
450 467 485 507 -1
450 467 488 491 -1
450 467 488 501 -1
450 467 491 502 -1
450 467 491 507 -1
450 467 492 507 -1
450 467 497 498 -1
450 467 497 507 -1
450 467 497 508 -1
450 467 504 505 -1
384 394 398 428 -1
384 394 398 444 -1
384 394 399 409 -1
450 468 475 505 -1
384 394 401 435 -1
450 468 488 505 -1
450 468 502 505 -1
450 468 505 507 -1
450 469 470 508 -1
450 469 488 493 -1
450 469 488 508 -1
450 469 492 501 -1
450 469 493 501 -1
450 469 493 504 -1
450 469 504 508 -1
450 470 475 507 -1
450 470 475 508 -1
450 470 485 508 -1
450 470 491 508 -1
450 470 492 508 -1
450 470 493 497 -1
450 470 493 498 -1
450 470 502 508 -1
450 470 504 508 -1
450 470 507 508 -1
450 471 474 511 -1
450 471 475 485 -1
450 471 475 491 -1
450 471 475 492 -1
450 471 475 501 -1
384 394 418 503 -1
450 472 475 509 -1
384 394 421 439 -1
450 472 488 509 -1
450 472 493 510 -1
450 472 502 509 -1
450 472 507 509 -1
450 473 474 510 -1
450 474 484 511 -1
450 474 485 511 -1
450 474 501 511 -1
450 474 502 511 -1
450 474 504 511 -1
450 475 484 485 -1
450 475 484 501 -1
450 475 484 504 -1
450 475 485 501 -1
450 475 485 504 -1
450 475 488 497 -1
450 475 488 502 -1
450 475 491 493 -1
450 475 491 504 -1
450 475 492 493 -1
450 475 497 502 -1
450 475 498 507 -1
450 475 499 500 -1
450 475 502 504 -1
384 394 425 471 -1
384 394 435 444 -1
384 394 435 507 -1
384 394 436 511 -1
416 443 472 503 -1
450 484 485 488 -1
450 484 485 502 -1
450 484 488 501 -1
450 484 488 504 -1
450 484 493 509 -1
450 484 497 498 -1
450 484 500 507 -1
450 484 502 504 -1
352 359 360 367 -1
352 359 360 404 -1
352 359 360 483 -1
450 485 488 501 -1
450 485 488 507 -1
450 485 491 504 -1
450 485 501 504 -1
450 485 501 507 -1
450 488 491 493 -1
416 444 452 503 -1
450 488 491 507 -1
450 488 492 493 -1
416 444 453 466 -1
450 488 492 507 -1
450 488 497 507 -1
450 488 497 508 -1
450 488 498 508 -1
450 488 499 500 -1
450 488 502 507 -1
450 491 492 509 -1
450 491 493 502 -1
450 491 497 498 -1
450 491 501 504 -1
450 491 502 504 -1
450 491 504 507 -1
384 395 399 416 -1
416 445 446 477 -1
450 492 493 502 -1
450 492 493 509 -1
450 493 499 509 -1
450 493 504 509 -1
450 497 498 499 -1
450 497 498 502 -1
450 497 498 504 -1
450 497 501 507 -1
450 498 501 508 -1
450 498 502 508 -1
450 499 500 502 -1
450 499 500 504 -1
450 501 502 503 -1
450 501 504 507 -1
416 445 474 476 -1
416 445 476 511 -1
384 395 418 444 -1
416 446 448 452 -1
416 446 448 462 -1
416 446 448 475 -1
416 446 448 485 -1
416 446 448 491 -1
416 446 448 507 -1
451 452 463 465 -1
451 452 465 484 -1
451 452 465 499 -1
451 452 465 500 -1
451 452 472 488 -1
451 452 472 507 -1
451 453 463 465 -1
451 453 465 484 -1
451 453 465 499 -1
451 453 465 500 -1
451 453 472 488 -1
451 453 472 507 -1
416 447 453 473 -1
416 447 498 510 -1
416 448 452 463 -1
416 448 452 500 -1
416 448 453 463 -1
416 448 453 500 -1
416 448 466 467 -1
451 456 461 477 -1
451 456 462 468 -1
384 396 408 503 -1
451 456 462 504 -1
451 456 462 505 -1
451 456 467 475 -1
451 456 467 485 -1
451 456 467 488 -1
451 456 468 475 -1
451 456 468 485 -1
451 456 468 491 -1
451 456 475 477 -1
451 456 475 504 -1
451 456 475 505 -1
451 456 485 504 -1
451 456 485 505 -1
451 456 491 504 -1
451 456 491 505 -1
416 450 453 498 -1
451 456 501 503 -1
384 396 416 471 -1
384 396 418 446 -1
451 460 470 504 -1
451 460 476 503 -1
384 396 430 435 -1
451 461 465 477 -1
384 396 435 467 -1
384 396 435 468 -1
384 396 436 452 -1
384 396 436 453 -1
416 451 472 477 -1
451 461 477 493 -1
451 462 465 467 -1
451 462 465 468 -1
451 462 465 504 -1
451 462 465 505 -1
451 462 467 475 -1
451 462 467 493 -1
451 462 468 475 -1
451 462 468 493 -1
416 452 461 470 -1
352 359 471 482 -1
451 462 470 503 -1
451 462 475 504 -1
451 462 475 505 -1
451 462 493 504 -1
451 462 493 505 -1
451 462 501 503 -1
384 396 473 504 -1
384 396 473 505 -1
416 452 473 474 -1
416 452 473 511 -1
416 452 474 510 -1
451 463 466 472 -1
451 463 466 500 -1
416 453 461 470 -1
384 397 398 452 -1
451 465 467 470 -1
451 465 467 485 -1
451 465 467 491 -1
451 465 468 470 -1
451 465 468 485 -1
451 465 468 491 -1
451 465 470 504 -1
451 465 470 505 -1
416 453 470 476 -1
451 465 485 504 -1
451 465 485 505 -1
451 465 491 504 -1
451 465 491 505 -1
451 466 467 501 -1
451 466 467 503 -1
451 466 472 500 -1
451 466 475 503 -1
451 466 485 501 -1
451 466 485 503 -1
451 466 488 501 -1
451 466 488 502 -1
451 466 488 503 -1
451 466 491 501 -1
451 466 492 501 -1
451 466 501 502 -1
451 466 502 504 -1
451 467 470 488 -1
451 467 472 499 -1
416 460 468 470 -1
416 460 470 504 -1
352 360 389 476 -1
451 467 475 493 -1
352 360 389 502 -1
451 467 485 492 -1
451 467 485 493 -1
451 467 488 493 -1
451 467 491 492 -1
451 467 491 493 -1
451 468 470 485 -1
451 468 470 488 -1
451 468 475 493 -1
352 360 391 418 -1
451 468 485 492 -1
451 468 485 493 -1
451 468 491 492 -1
451 468 491 493 -1
384 397 431 435 -1
384 397 435 505 -1
451 469 491 505 -1
451 469 492 505 -1
451 469 493 505 -1
384 397 446 450 -1
451 470 477 484 -1
451 470 477 491 -1
451 470 477 492 -1
352 360 403 423 -1
352 360 403 430 -1
352 360 403 469 -1
352 360 403 484 -1
352 360 403 485 -1
352 360 403 491 -1
352 360 403 492 -1
451 470 477 499 -1
451 470 477 504 -1
384 397 451 462 -1
384 397 451 501 -1
451 470 485 504 -1
451 470 488 504 -1
451 470 497 504 -1
451 470 501 503 -1
451 471 472 477 -1
451 472 477 482 -1
384 398 401 431 -1
451 472 499 504 -1
352 360 418 465 -1
352 360 418 471 -1
352 360 418 485 -1
352 360 418 504 -1
451 475 477 492 -1
451 475 477 493 -1
451 475 477 502 -1
451 475 493 504 -1
451 475 493 505 -1
451 476 497 503 -1
451 476 498 503 -1
288 292 390 443 -1
288 292 390 507 -1
416 467 470 498 -1
416 467 471 472 -1
384 398 428 468 -1
384 398 428 504 -1
416 468 470 497 -1
416 468 471 472 -1
416 468 473 474 -1
416 468 473 511 -1
384 398 430 456 -1
384 398 430 469 -1
384 398 430 476 -1
384 398 434 452 -1
416 470 497 504 -1
416 470 498 504 -1
416 470 498 505 -1
416 471 472 504 -1
416 471 472 505 -1
451 485 492 504 -1
451 485 492 505 -1
451 485 493 504 -1
451 485 493 505 -1
451 491 492 504 -1
451 491 492 505 -1
451 491 493 504 -1
451 491 493 505 -1
384 398 452 508 -1
384 398 453 508 -1
384 398 456 504 -1
384 398 467 469 -1
384 398 468 477 -1
384 398 469 504 -1
416 473 474 504 -1
416 473 474 505 -1
451 493 501 503 -1
288 292 419 423 -1
288 292 419 461 -1
288 292 419 471 -1
288 292 419 475 -1
416 473 504 511 -1
416 474 504 510 -1
452 453 456 465 -1
452 453 456 492 -1
452 453 456 493 -1
384 399 409 468 -1
384 399 409 505 -1
452 453 460 461 -1
452 453 460 470 -1
452 453 460 498 -1
452 453 461 497 -1
452 453 461 498 -1
384 399 416 432 -1
384 399 416 469 -1
384 399 416 488 -1
384 399 416 502 -1
384 399 419 482 -1
452 453 462 484 -1
452 453 462 488 -1
452 453 462 499 -1
452 453 465 501 -1
452 453 467 468 -1
452 453 468 505 -1
452 453 470 485 -1
452 453 470 497 -1
452 453 472 509 -1
452 453 474 511 -1
452 453 475 488 -1
452 453 475 501 -1
452 453 485 488 -1
452 453 492 493 -1
452 453 497 498 -1
384 399 430 439 -1
384 399 431 439 -1
384 399 431 444 -1
352 361 389 436 -1
384 399 439 467 -1
384 399 439 504 -1
384 399 444 477 -1
384 399 446 456 -1
384 399 446 465 -1
384 399 446 470 -1
384 399 446 492 -1
384 399 446 493 -1
452 456 468 472 -1
452 456 472 505 -1
452 460 461 476 -1
384 400 408 476 -1
452 461 476 488 -1
452 461 476 497 -1
452 461 476 499 -1
452 462 463 503 -1
452 462 475 477 -1
452 462 477 482 -1
452 462 500 503 -1
452 463 466 488 -1
452 463 466 504 -1
452 463 468 475 -1
452 463 475 505 -1
452 463 491 503 -1
452 463 492 503 -1
452 463 493 503 -1
452 463 502 503 -1
452 465 468 472 -1
452 465 472 505 -1
452 466 488 500 -1
452 466 500 504 -1
452 467 470 499 -1
452 467 484 485 -1
452 467 484 491 -1
452 467 484 499 -1
452 467 484 504 -1
452 467 485 499 -1
452 467 491 499 -1
452 467 499 504 -1
452 468 470 484 -1
452 468 470 499 -1
452 468 472 492 -1
452 468 472 493 -1
452 468 475 500 -1
452 468 484 491 -1
452 468 484 499 -1
452 468 491 499 -1
452 469 484 505 -1
452 469 499 505 -1
384 401 420 476 -1
452 470 484 505 -1
452 470 499 504 -1
452 470 499 505 -1
452 471 473 511 -1
384 401 451 476 -1
452 472 492 505 -1
452 472 493 505 -1
452 472 502 503 -1
452 475 476 484 -1
452 475 476 485 -1
452 475 476 491 -1
452 475 476 499 -1
452 475 476 501 -1
452 475 500 505 -1
352 362 410 483 -1
452 477 482 485 -1
452 477 482 491 -1
452 477 488 498 -1
452 477 497 498 -1
452 478 479 483 -1
452 484 488 504 -1
452 484 491 505 -1
452 484 499 505 -1
452 484 502 503 -1
452 488 499 504 -1
452 491 499 505 -1
452 491 500 503 -1
452 492 500 503 -1
452 493 500 503 -1
452 499 502 503 -1
452 500 502 503 -1
352 363 365 400 -1
453 456 468 472 -1
453 456 472 505 -1
453 460 461 476 -1
453 460 477 498 -1
453 461 476 488 -1
453 461 476 497 -1
453 461 476 499 -1
453 462 463 503 -1
453 462 477 482 -1
453 462 500 503 -1
453 463 466 488 -1
453 463 466 504 -1
453 463 468 475 -1
453 463 475 477 -1
453 463 475 505 -1
453 463 491 503 -1
453 463 492 503 -1
453 463 493 503 -1
453 463 502 503 -1
453 465 468 472 -1
453 465 472 505 -1
352 363 418 445 -1
352 363 418 470 -1
453 466 488 500 -1
453 466 500 504 -1
453 467 470 484 -1
453 467 470 499 -1
453 467 484 485 -1
453 467 484 491 -1
453 467 484 499 -1
453 467 484 504 -1
453 467 485 499 -1
453 467 491 499 -1
453 467 499 504 -1
453 468 470 484 -1
453 468 470 499 -1
453 468 472 492 -1
453 468 472 493 -1
453 468 475 500 -1
453 468 484 491 -1
453 468 484 499 -1
453 468 491 499 -1
453 469 484 505 -1
453 469 499 505 -1
352 364 365 424 -1
352 364 365 460 -1
352 364 365 461 -1
352 364 365 497 -1
352 364 365 498 -1
453 470 484 504 -1
453 470 484 505 -1
453 470 499 504 -1
453 470 499 505 -1
453 471 473 511 -1
384 405 479 504 -1
453 472 475 477 -1
453 472 492 505 -1
453 472 493 505 -1
453 472 502 503 -1
384 406 411 446 -1
453 475 476 484 -1
453 475 476 485 -1
453 475 476 491 -1
453 475 476 499 -1
453 475 476 501 -1
453 475 477 500 -1
352 364 384 467 -1
352 364 384 505 -1
453 475 500 505 -1
453 477 482 485 -1
453 477 482 491 -1
352 364 389 416 -1
352 364 390 429 -1
352 364 393 401 -1
453 477 485 498 -1
453 477 488 498 -1
453 477 497 498 -1
453 478 479 483 -1
352 364 401 425 -1
352 364 401 432 -1
352 364 401 484 -1
352 364 401 485 -1
352 364 401 491 -1
352 364 401 499 -1
352 364 401 501 -1
352 364 403 424 -1
352 364 403 461 -1
352 364 403 498 -1
352 364 418 439 -1
352 364 418 471 -1
453 484 488 504 -1
453 484 491 505 -1
453 484 499 505 -1
453 484 502 503 -1
453 488 499 504 -1
453 491 499 505 -1
453 491 500 503 -1
453 492 500 503 -1
453 493 500 503 -1
453 499 502 503 -1
453 500 502 503 -1
384 407 411 446 -1
384 408 409 429 -1
384 408 409 466 -1
384 408 416 446 -1
384 408 429 433 -1
384 408 433 466 -1
384 408 434 476 -1
352 365 388 447 -1
352 365 388 452 -1
352 365 391 428 -1
352 365 392 466 -1
352 365 392 503 -1
352 365 393 425 -1
352 365 393 432 -1
352 365 393 467 -1
352 365 393 484 -1
352 365 393 485 -1
352 365 393 491 -1
352 365 393 499 -1
352 365 393 504 -1
352 365 394 403 -1
352 365 394 505 -1
352 365 395 460 -1
352 365 395 497 -1
384 409 418 434 -1
352 365 397 508 -1
352 365 398 472 -1
352 365 403 416 -1
352 365 403 468 -1
352 365 406 508 -1
288 295 299 367 -1
352 365 423 460 -1
352 365 423 497 -1
352 365 424 461 -1
352 365 425 432 -1
352 365 425 462 -1
352 365 425 484 -1
352 365 425 485 -1
352 365 425 491 -1
352 365 425 501 -1
352 365 426 462 -1
352 365 426 463 -1
352 365 426 500 -1
352 365 430 431 -1
352 365 430 452 -1
352 365 431 467 -1
352 365 432 452 -1
352 365 432 460 -1
352 365 432 484 -1
352 365 432 485 -1
352 365 432 491 -1
352 365 432 497 -1
352 365 432 499 -1
352 365 434 471 -1
352 365 434 508 -1
352 365 435 472 -1
352 365 437 474 -1
352 365 440 441 -1
352 365 447 453 -1
352 365 450 465 -1
352 365 452 467 -1
352 365 452 485 -1
352 365 452 488 -1
352 365 456 465 -1
352 365 456 492 -1
352 365 456 493 -1
352 365 456 508 -1
352 365 460 488 -1
352 365 460 507 -1
352 365 461 498 -1
384 410 426 473 -1
384 410 428 436 -1
352 365 462 463 -1
352 365 462 499 -1
352 365 462 500 -1
352 365 463 500 -1
352 365 465 492 -1
352 365 465 493 -1
352 365 465 502 -1
352 365 465 508 -1
352 365 470 507 -1
352 365 475 507 -1
384 410 446 451 -1
352 365 484 485 -1
352 365 484 491 -1
352 365 484 499 -1
352 365 484 501 -1
352 365 485 491 -1
352 365 485 499 -1
352 365 485 501 -1
352 365 488 497 -1
352 365 491 501 -1
352 365 492 493 -1
352 365 492 508 -1
352 365 493 508 -1
352 365 497 507 -1
352 365 499 501 -1
384 410 463 473 -1
384 410 473 500 -1
456 460 461 491 -1
456 460 461 492 -1
456 460 461 493 -1
352 366 377 476 -1
456 460 465 498 -1
456 460 470 491 -1
456 460 470 492 -1
456 460 492 498 -1
456 460 493 498 -1
456 461 465 498 -1
456 461 470 498 -1
456 461 491 497 -1
456 461 491 498 -1
456 461 492 497 -1
456 461 492 498 -1
456 461 493 497 -1
456 461 493 498 -1
456 462 465 469 -1
456 462 465 488 -1
456 462 465 499 -1
456 462 469 470 -1
456 462 470 499 -1
456 462 484 492 -1
456 462 484 493 -1
456 462 491 492 -1
456 462 491 493 -1
456 462 492 499 -1
456 462 493 499 -1
456 463 492 499 -1
456 465 467 505 -1
456 465 468 505 -1
456 465 469 493 -1
456 465 470 488 -1
456 465 472 509 -1
352 366 441 450 -1
456 465 475 502 -1
456 465 485 488 -1
456 465 493 501 -1
456 465 497 498 -1
456 466 468 502 -1
456 466 468 503 -1
352 366 450 483 -1
352 366 451 478 -1
456 466 503 505 -1
456 467 468 492 -1
456 467 468 493 -1
456 467 493 505 -1
456 468 470 477 -1
456 468 492 505 -1
456 468 493 505 -1
456 469 470 485 -1
456 469 470 491 -1
456 469 470 492 -1
456 469 471 472 -1
456 470 472 508 -1
456 470 472 509 -1
456 470 485 488 -1
456 470 491 492 -1
456 470 491 497 -1
456 470 492 497 -1
456 472 475 499 -1
456 472 484 499 -1
456 472 485 499 -1
456 472 491 509 -1
456 472 492 509 -1
456 472 493 509 -1
456 472 498 507 -1
456 474 491 511 -1
456 474 492 511 -1
456 474 493 511 -1
456 475 488 493 -1
456 475 491 501 -1
456 475 492 501 -1
456 475 493 501 -1
352 367 421 451 -1
352 367 430 510 -1
352 367 431 510 -1
456 485 488 491 -1
456 485 488 492 -1
456 485 488 493 -1
352 367 452 507 -1
352 367 452 508 -1
352 367 453 507 -1
352 367 453 508 -1
456 492 497 498 -1
456 492 499 500 -1
456 493 497 498 -1
456 493 499 500 -1
352 367 467 510 -1
352 367 468 510 -1
224 229 236 274 -1
460 461 462 484 -1
460 461 462 485 -1
460 461 462 491 -1
460 461 462 497 -1
460 461 462 499 -1
460 461 463 499 -1
460 461 465 491 -1
460 461 465 492 -1
460 461 465 493 -1
460 461 467 505 -1
460 461 468 477 -1
460 461 468 504 -1
460 461 468 505 -1
460 461 470 507 -1
352 367 504 510 -1
352 367 505 510 -1
460 461 477 505 -1
460 461 491 493 -1
460 461 492 493 -1
460 461 499 500 -1
460 461 504 505 -1
460 462 465 470 -1
460 462 470 475 -1
460 462 475 488 -1
460 462 498 499 -1
460 465 492 498 -1
460 465 493 498 -1
460 465 498 501 -1
460 467 468 470 -1
460 467 468 475 -1
384 416 418 429 -1
384 416 418 466 -1
384 416 420 428 -1
384 416 420 434 -1
384 416 420 470 -1
460 467 498 505 -1
384 416 423 509 -1
384 416 426 508 -1
384 416 428 450 -1
384 416 430 451 -1
384 416 431 451 -1
460 468 475 505 -1
460 468 476 477 -1
460 468 476 488 -1
460 468 476 497 -1
384 416 436 474 -1
460 468 498 504 -1
460 468 498 505 -1
384 416 450 502 -1
384 416 450 503 -1
384 416 451 467 -1
384 416 451 504 -1
460 470 475 488 -1
460 470 475 497 -1
460 470 491 493 -1
460 470 492 493 -1
460 470 498 507 -1
460 470 504 505 -1
384 416 462 508 -1
384 416 472 510 -1
460 472 475 509 -1
384 416 484 509 -1
384 416 485 509 -1
384 416 491 509 -1
384 416 492 509 -1
460 473 474 508 -1
460 473 474 510 -1
460 474 475 511 -1
460 475 485 488 -1
460 475 485 502 -1
460 475 488 491 -1
460 475 488 492 -1
460 475 488 501 -1
460 475 504 505 -1
460 476 485 505 -1
460 476 491 505 -1
384 418 420 448 -1
384 418 421 444 -1
460 484 485 498 -1
460 484 491 498 -1
460 484 497 498 -1
460 485 491 498 -1
460 485 498 499 -1
384 418 432 444 -1
384 418 433 445 -1
384 418 444 507 -1
352 369 379 390 -1
460 491 497 498 -1
460 492 493 498 -1
460 497 498 499 -1
460 498 504 505 -1
384 418 452 503 -1
384 418 456 465 -1
384 418 465 493 -1
384 418 468 503 -1
461 462 468 476 -1
461 462 470 475 -1
384 418 503 505 -1
461 462 484 497 -1
461 462 484 498 -1
461 462 485 497 -1
461 462 488 498 -1
461 462 491 497 -1
352 369 403 473 -1
461 462 497 499 -1
461 462 498 499 -1
461 463 466 476 -1
461 463 497 499 -1
461 465 469 498 -1
461 465 491 497 -1
461 465 492 497 -1
461 465 493 497 -1
461 465 498 501 -1
461 466 476 500 -1
384 420 434 444 -1
461 467 468 477 -1
461 467 468 498 -1
461 467 477 504 -1
461 467 477 505 -1
352 369 436 482 -1
384 420 444 448 -1
384 420 445 448 -1
384 420 446 472 -1
384 420 450 463 -1
384 420 450 500 -1
461 468 477 484 -1
461 468 477 488 -1
461 468 477 497 -1
461 468 477 504 -1
461 468 497 505 -1
461 468 498 505 -1
352 369 473 483 -1
461 470 472 475 -1
461 470 488 507 -1
461 470 493 498 -1
461 470 497 507 -1
384 421 439 504 -1
461 472 498 509 -1
461 474 498 511 -1
461 475 488 498 -1
461 475 498 501 -1
461 477 478 483 -1
461 477 485 505 -1
461 477 491 505 -1
461 477 497 505 -1
461 477 499 505 -1
461 485 488 498 -1
461 491 493 497 -1
461 491 493 498 -1
461 492 493 497 -1
461 492 493 498 -1
461 497 499 500 -1
384 423 451 463 -1
384 423 451 500 -1
462 463 465 472 -1
462 463 475 500 -1
462 465 469 491 -1
462 465 469 492 -1
462 465 469 493 -1
462 465 469 501 -1
462 465 470 488 -1
462 465 470 497 -1
462 465 472 500 -1
462 465 475 503 -1
462 465 484 501 -1
462 465 485 502 -1
462 465 488 492 -1
462 465 488 493 -1
462 465 488 501 -1
462 465 488 502 -1
462 465 491 502 -1
462 465 492 502 -1
462 465 499 501 -1
462 466 476 498 -1
462 466 502 505 -1
462 467 468 470 -1
462 467 468 484 -1
462 467 468 485 -1
462 467 468 491 -1
462 467 468 492 -1
462 467 468 499 -1
462 467 469 505 -1
462 467 488 505 -1
462 467 504 505 -1
418 419 476 478 -1
462 468 484 505 -1
462 468 488 504 -1
462 468 488 505 -1
462 468 499 505 -1
462 469 470 475 -1
462 469 472 507 -1
418 420 421 426 -1
462 470 474 511 -1
462 470 475 497 -1
418 420 428 432 -1
418 420 429 508 -1
462 470 475 507 -1
462 470 493 499 -1
418 420 435 453 -1
288 297 356 421 -1
288 297 356 426 -1
288 297 356 463 -1
288 297 356 500 -1
462 472 475 508 -1
462 472 484 509 -1
418 420 450 503 -1
462 472 488 509 -1
462 472 499 509 -1
462 473 474 510 -1
352 371 396 412 -1
418 420 471 505 -1
418 420 502 509 -1
418 420 503 508 -1
418 420 503 509 -1
418 421 423 429 -1
418 421 423 466 -1
418 421 423 501 -1
418 421 425 429 -1
462 474 484 511 -1
462 474 485 511 -1
462 474 499 511 -1
384 425 468 471 -1
418 421 425 466 -1
462 475 482 483 -1
462 475 484 488 -1
418 421 426 509 -1
418 421 428 430 -1
462 475 484 501 -1
462 475 485 491 -1
462 475 485 492 -1
462 475 485 501 -1
418 421 428 467 -1
418 421 428 488 -1
462 475 488 491 -1
462 475 488 492 -1
418 421 428 502 -1
418 421 428 504 -1
418 421 429 433 -1
418 421 429 434 -1
418 421 429 465 -1
418 421 429 484 -1
418 421 429 485 -1
418 421 429 499 -1
418 421 429 504 -1
418 421 433 466 -1
418 421 433 501 -1
418 421 434 466 -1
384 426 431 450 -1
384 426 432 451 -1
352 371 412 474 -1
352 371 412 511 -1
462 475 488 497 -1
462 475 488 499 -1
462 475 488 502 -1
462 475 491 501 -1
462 475 499 501 -1
418 421 456 503 -1
418 421 465 466 -1
418 421 466 484 -1
418 421 466 485 -1
418 421 466 491 -1
418 421 466 499 -1
418 421 466 504 -1
384 428 430 435 -1
384 428 435 467 -1
418 421 475 501 -1
462 484 485 488 -1
384 428 435 504 -1
462 484 492 493 -1
418 421 485 502 -1
418 421 488 501 -1
418 421 488 502 -1
418 421 492 503 -1
418 421 493 503 -1
418 421 500 509 -1
418 421 502 504 -1
384 428 445 471 -1
462 485 488 491 -1
462 485 488 499 -1
462 488 492 493 -1
462 488 504 505 -1
462 492 493 499 -1
462 497 498 499 -1
288 297 404 446 -1
384 429 434 451 -1
224 230 246 298 -1
288 297 418 440 -1
463 465 469 499 -1
463 465 472 484 -1
463 465 472 485 -1
463 465 472 491 -1
463 465 472 501 -1
463 465 484 488 -1
463 465 488 500 -1
463 466 477 482 -1
418 423 431 444 -1
463 467 468 499 -1
463 467 475 476 -1
384 429 468 508 -1
418 423 444 467 -1
418 423 444 504 -1
463 468 472 503 -1
463 468 475 476 -1
384 430 435 456 -1
384 430 435 493 -1
384 430 435 507 -1
384 430 436 511 -1
463 468 500 503 -1
384 430 440 471 -1
384 431 435 444 -1
463 472 503 505 -1
384 431 443 476 -1
384 431 450 463 -1
384 431 450 500 -1
463 474 484 511 -1
463 474 499 511 -1
463 474 500 511 -1
463 475 484 485 -1
463 475 484 491 -1
463 475 484 492 -1
463 475 484 501 -1
463 475 485 499 -1
463 475 488 499 -1
463 475 499 501 -1
463 475 500 501 -1
384 432 435 468 -1
384 432 435 505 -1
418 425 444 453 -1
384 432 451 463 -1
384 432 451 500 -1
384 432 452 471 -1
384 432 453 471 -1
463 484 491 499 -1
463 485 488 499 -1
463 488 491 499 -1
418 426 428 472 -1
418 426 430 472 -1
384 433 436 452 -1
384 433 436 453 -1
418 426 433 472 -1
463 500 503 505 -1
418 426 444 453 -1
418 426 448 466 -1
465 466 503 505 -1
418 426 467 472 -1
418 426 472 475 -1
418 426 472 488 -1
418 426 472 501 -1
418 426 472 504 -1
384 434 439 451 -1
465 467 502 505 -1
418 428 432 509 -1
465 468 502 504 -1
418 428 444 451 -1
465 469 485 501 -1
465 469 491 492 -1
465 469 491 501 -1
465 469 499 500 -1
465 470 485 502 -1
465 470 488 492 -1
465 470 488 493 -1
465 470 488 501 -1
465 470 488 502 -1
465 472 475 500 -1
465 472 484 499 -1
465 472 484 500 -1
465 472 485 499 -1
465 472 485 500 -1
465 472 491 499 -1
465 472 491 500 -1
465 472 492 499 -1
465 472 499 501 -1
465 472 500 501 -1
465 473 474 510 -1
384 434 451 460 -1
384 434 451 466 -1
384 434 451 497 -1
418 428 474 510 -1
465 474 485 511 -1
465 474 491 511 -1
465 474 492 511 -1
465 474 501 511 -1
465 474 508 510 -1
465 475 485 503 -1
465 475 491 502 -1
465 475 491 503 -1
465 475 492 502 -1
465 475 492 503 -1
465 475 493 502 -1
288 298 356 372 -1
288 298 356 395 -1
288 298 356 423 -1
288 298 356 467 -1
288 298 356 469 -1
288 298 356 488 -1
288 298 356 504 -1
418 429 433 510 -1
384 435 444 477 -1
384 435 456 467 -1
384 435 456 468 -1
384 435 456 504 -1
384 435 467 493 -1
384 435 467 501 -1
384 435 467 507 -1
384 435 468 493 -1
384 435 468 501 -1
384 435 468 502 -1
418 429 444 466 -1
418 429 450 456 -1
418 429 450 491 -1
418 429 450 492 -1
418 429 450 493 -1
465 482 483 498 -1
384 435 493 504 -1
384 435 501 504 -1
384 435 504 507 -1
384 435 505 507 -1
384 436 437 439 -1
465 484 488 500 -1
465 485 488 491 -1
465 485 488 492 -1
465 485 488 493 -1
465 485 488 501 -1
465 485 491 502 -1
465 485 492 502 -1
465 488 491 492 -1
465 488 491 501 -1
465 488 491 502 -1
465 488 492 501 -1
465 488 492 502 -1
384 436 467 511 -1
465 492 497 498 -1
465 493 497 498 -1
418 429 508 509 -1
418 429 510 511 -1
465 502 504 505 -1
384 436 504 511 -1
465 508 510 511 -1
418 430 434 448 -1
418 430 443 450 -1
418 430 444 462 -1
418 430 444 467 -1
418 430 444 475 -1
418 430 444 485 -1
418 430 444 502 -1
418 430 445 447 -1
466 468 470 501 -1
418 430 450 465 -1
466 468 492 503 -1
466 468 493 502 -1
466 468 493 503 -1
418 430 463 472 -1
418 430 472 500 -1
466 470 501 505 -1
418 431 437 445 -1
418 431 443 444 -1
418 431 444 462 -1
418 431 444 485 -1
418 431 444 491 -1
418 431 444 501 -1
418 431 445 474 -1
418 431 445 511 -1
384 440 443 475 -1
418 431 470 473 -1
418 431 471 509 -1
384 440 467 471 -1
288 298 435 482 -1
384 440 471 504 -1
418 432 444 505 -1
466 476 498 501 -1
466 476 498 502 -1
466 477 482 500 -1
418 432 502 509 -1
418 433 443 510 -1
418 433 444 451 -1
418 433 448 468 -1
418 433 448 504 -1
418 433 450 503 -1
418 433 462 472 -1
418 433 463 472 -1
418 433 466 510 -1
418 433 468 473 -1
418 433 472 500 -1
466 493 502 505 -1
418 433 501 510 -1
467 468 470 485 -1
467 468 470 497 -1
467 468 470 504 -1
467 468 475 497 -1
467 468 485 491 -1
418 434 443 510 -1
418 434 444 505 -1
418 434 448 467 -1
418 434 448 468 -1
418 434 448 482 -1
467 468 492 493 -1
467 468 499 500 -1
467 468 501 503 -1
467 469 485 505 -1
418 434 462 472 -1
418 434 463 472 -1
418 434 472 500 -1
384 443 476 505 -1
467 470 485 505 -1
467 470 504 505 -1
384 444 451 461 -1
418 434 501 510 -1
467 472 505 509 -1
467 473 507 511 -1
467 473 510 511 -1
384 445 450 503 -1
418 435 452 507 -1
467 474 505 511 -1
467 475 476 500 -1
384 445 471 502 -1
384 445 471 503 -1
467 475 488 505 -1
384 445 476 508 -1
467 475 501 505 -1
467 476 477 504 -1
467 476 477 505 -1
467 476 485 498 -1
467 476 488 498 -1
467 476 497 498 -1
467 477 482 484 -1
467 477 482 499 -1
418 436 447 468 -1
418 436 447 505 -1
418 436 453 511 -1
352 376 415 443 -1
384 447 450 502 -1
384 447 450 503 -1
467 485 488 505 -1
418 437 445 505 -1
467 485 504 505 -1
467 488 491 505 -1
467 491 504 505 -1
418 437 468 473 -1
467 492 504 505 -1
467 497 498 505 -1
467 501 503 505 -1
467 502 503 504 -1
418 437 468 510 -1
418 437 473 505 -1
418 439 446 472 -1
468 470 477 493 -1
468 470 477 499 -1
468 470 477 504 -1
468 470 485 505 -1
468 470 502 503 -1
468 472 500 503 -1
418 440 444 478 -1
468 472 505 509 -1
352 377 391 418 -1
384 450 453 502 -1
384 450 453 503 -1
468 474 505 511 -1
468 475 476 500 -1
468 475 477 488 -1
352 377 403 419 -1
352 377 403 470 -1
468 475 488 504 -1
468 475 488 505 -1
468 475 497 505 -1
468 475 501 505 -1
468 475 502 504 -1
468 476 477 484 -1
468 476 477 488 -1
468 476 477 497 -1
468 476 477 499 -1
468 476 477 504 -1
468 476 485 498 -1
468 476 488 497 -1
468 476 491 498 -1
468 477 482 484 -1
468 477 482 499 -1
384 452 471 507 -1
384 452 472 473 -1
352 377 418 456 -1
352 377 418 491 -1
352 377 418 492 -1
352 377 418 493 -1
352 377 426 483 -1
468 485 488 504 -1
468 485 488 505 -1
384 453 471 507 -1
384 453 472 473 -1
468 485 502 503 -1
468 488 491 504 -1
468 488 501 503 -1
468 491 502 503 -1
468 492 493 505 -1
468 492 502 503 -1
468 497 498 504 -1
468 497 498 505 -1
468 501 502 503 -1
352 377 463 483 -1
418 443 444 504 -1
468 502 503 504 -1
418 443 448 472 -1
418 443 450 467 -1
418 443 450 488 -1
418 443 450 502 -1
418 443 450 504 -1
469 470 472 499 -1
469 470 475 485 -1
418 443 465 472 -1
418 443 472 484 -1
418 443 472 491 -1
418 443 472 492 -1
418 443 472 501 -1
418 443 472 504 -1
469 471 472 491 -1
469 471 472 492 -1
469 471 472 493 -1
418 444 447 474 -1
418 444 447 511 -1
418 444 453 463 -1
418 444 453 484 -1
418 444 453 499 -1
418 444 453 500 -1
418 444 462 467 -1
418 444 462 468 -1
418 444 462 504 -1
418 444 462 505 -1
418 444 467 475 -1
418 444 467 485 -1
418 444 467 491 -1
418 444 467 502 -1
418 444 468 485 -1
418 444 468 491 -1
418 444 468 502 -1
418 444 469 505 -1
469 472 488 498 -1
418 444 482 488 -1
418 444 482 502 -1
418 444 482 504 -1
418 444 485 504 -1
418 444 485 505 -1
418 444 491 504 -1
418 444 491 505 -1
418 444 501 504 -1
418 444 502 505 -1
418 445 447 448 -1
418 445 447 462 -1
418 445 447 484 -1
418 445 447 485 -1
418 445 447 491 -1
418 445 447 492 -1
418 445 447 504 -1
418 446 450 476 -1
469 476 498 505 -1
288 300 304 392 -1
418 447 453 473 -1
418 448 453 456 -1
418 448 453 472 -1
418 448 453 492 -1
418 448 453 493 -1
469 502 503 505 -1
470 471 473 474 -1
384 466 468 508 -1
384 468 471 499 -1
470 472 482 483 -1
470 472 484 499 -1
470 472 485 499 -1
470 472 491 499 -1
470 472 491 508 -1
470 472 492 499 -1
470 472 492 508 -1
470 472 493 508 -1
470 472 493 509 -1
418 450 456 466 -1
418 450 462 503 -1
418 450 465 467 -1
418 450 465 468 -1
418 450 465 504 -1
418 450 465 505 -1
418 450 466 492 -1
418 450 466 493 -1
470 474 493 511 -1
470 475 477 505 -1
470 475 485 498 -1
470 475 485 507 -1
470 475 488 497 -1
470 475 491 498 -1
470 475 491 507 -1
470 475 492 507 -1
470 475 501 507 -1
470 476 477 505 -1
352 379 384 403 -1
418 450 475 502 -1
418 450 482 503 -1
418 450 485 503 -1
418 450 491 503 -1
352 379 389 451 -1
418 450 501 502 -1
418 450 501 503 -1
418 450 503 504 -1
470 477 484 505 -1
470 477 485 505 -1
470 477 499 505 -1
470 477 504 505 -1
470 485 488 493 -1
470 485 492 493 -1
470 485 493 497 -1
470 485 504 505 -1
470 488 498 507 -1
470 491 492 493 -1
470 491 493 497 -1
470 492 493 497 -1
418 452 473 511 -1
470 497 498 507 -1
470 497 504 505 -1
471 472 475 507 -1
471 474 475 510 -1
352 380 390 434 -1
288 300 377 429 -1
288 300 377 503 -1
418 462 472 503 -1
418 463 472 488 -1
418 463 472 502 -1
418 466 508 509 -1
418 466 510 511 -1
472 474 509 511 -1
472 475 488 509 -1
472 475 492 499 -1
472 475 493 499 -1
472 475 497 509 -1
472 475 501 509 -1
418 469 502 509 -1
472 484 491 499 -1
472 484 492 499 -1
472 484 493 499 -1
472 485 488 509 -1
472 485 491 499 -1
472 485 492 499 -1
472 485 493 499 -1
472 491 492 499 -1
472 491 493 509 -1
472 491 498 507 -1
472 492 493 509 -1
472 492 498 507 -1
472 493 498 507 -1
472 499 500 509 -1
418 472 488 500 -1
472 500 503 505 -1
418 472 500 502 -1
418 473 474 501 -1
418 473 474 503 -1
418 473 505 511 -1
473 474 484 508 -1
473 474 485 508 -1
473 474 485 510 -1
473 474 491 508 -1
473 474 497 508 -1
473 474 497 510 -1
473 474 499 508 -1
473 475 508 511 -1
418 502 510 511 -1
474 475 497 511 -1
474 475 498 511 -1
224 232 267 367 -1
474 484 500 511 -1
288 301 372 377 -1
474 484 508 510 -1
474 485 508 510 -1
474 491 493 511 -1
474 491 508 510 -1
474 492 493 511 -1
474 492 508 510 -1
474 499 500 511 -1
474 499 508 510 -1
474 499 509 510 -1
474 501 508 510 -1
475 476 498 505 -1
475 476 500 504 -1
475 477 488 505 -1
475 484 485 500 -1
475 484 491 500 -1
475 484 492 500 -1
475 484 500 501 -1
475 485 488 497 -1
475 485 488 502 -1
475 485 497 502 -1
475 485 499 500 -1
475 488 491 497 -1
475 488 492 497 -1
475 488 497 501 -1
475 488 499 500 -1
475 488 504 505 -1
475 491 493 501 -1
475 492 493 501 -1
475 497 504 505 -1
475 499 500 501 -1
475 502 504 505 -1
475 508 510 511 -1
476 477 488 505 -1
476 477 504 505 -1
224 232 300 413 -1
476 485 497 505 -1
476 488 498 504 -1
476 488 498 505 -1
352 384 401 430 -1
352 384 401 505 -1
476 491 497 505 -1
476 497 498 504 -1
288 302 304 502 -1
352 384 423 475 -1
352 384 425 475 -1
477 482 484 504 -1
477 482 484 505 -1
477 482 499 504 -1
477 482 499 505 -1
352 384 430 475 -1
419 424 463 483 -1
419 424 483 500 -1
477 484 498 505 -1
419 425 443 483 -1
352 384 475 488 -1
288 302 332 378 -1
477 498 499 505 -1
288 302 341 414 -1
419 426 439 478 -1
419 426 443 483 -1
288 302 369 378 -1
419 428 460 482 -1
419 428 482 488 -1
419 428 482 497 -1
419 428 482 504 -1
419 429 465 482 -1
419 429 482 488 -1
419 431 435 482 -1
419 431 435 483 -1
419 431 444 482 -1
419 432 443 482 -1
419 432 463 483 -1
419 432 483 500 -1
419 433 482 501 -1
419 434 482 502 -1
419 434 482 503 -1
419 435 461 478 -1
419 435 468 482 -1
419 435 470 478 -1
352 389 392 418 -1
352 389 393 398 -1
352 389 398 418 -1
352 389 398 423 -1
352 389 398 488 -1
352 389 398 502 -1
352 389 401 440 -1
352 389 411 415 -1
352 389 426 471 -1
352 389 430 508 -1
352 389 435 456 -1
352 389 435 476 -1
352 389 435 502 -1
352 389 436 472 -1
419 439 463 478 -1
352 389 440 471 -1
419 439 478 500 -1
419 440 444 478 -1
352 389 468 510 -1
352 389 471 509 -1
352 389 473 492 -1
352 389 473 493 -1
352 389 476 508 -1
352 389 504 510 -1
352 389 505 510 -1
352 390 391 393 -1
352 390 391 424 -1
352 390 391 460 -1
352 390 391 461 -1
352 390 392 444 -1
352 390 392 502 -1
352 390 393 503 -1
352 390 394 503 -1
352 390 397 474 -1
352 390 401 429 -1
352 390 401 465 -1
352 390 401 466 -1
352 390 401 503 -1
419 441 479 503 -1
224 233 307 474 -1
352 390 419 435 -1
352 390 423 439 -1
352 390 424 465 -1
352 390 429 444 -1
352 390 430 439 -1
352 390 439 488 -1
352 390 444 503 -1
419 443 460 482 -1
419 443 463 483 -1
419 443 465 482 -1
419 443 469 482 -1
352 390 461 465 -1
352 390 465 498 -1
419 443 482 484 -1
419 443 482 497 -1
419 443 482 501 -1
419 443 482 504 -1
419 443 482 507 -1
419 443 483 499 -1
419 443 483 500 -1
419 444 468 482 -1
419 444 482 504 -1
419 444 482 505 -1
288 304 328 337 -1
288 304 337 365 -1
288 304 362 376 -1
352 392 418 491 -1
288 304 376 399 -1
288 304 376 448 -1
288 304 393 411 -1
288 304 395 411 -1
288 304 411 425 -1
288 304 411 452 -1
288 304 411 469 -1
288 304 411 484 -1
288 304 411 485 -1
288 304 411 491 -1
288 304 411 492 -1
288 304 411 499 -1
288 304 411 501 -1
288 304 411 502 -1
419 456 482 501 -1
419 456 482 503 -1
419 463 483 507 -1
