394 -1 -1 -1 -1 
425 -1 -1 -1 -1 
426 -1 -1 -1 -1 
430 -1 -1 -1 -1 
452 -1 -1 -1 -1 
453 -1 -1 -1 -1 
457 -1 -1 -1 -1 
462 -1 -1 -1 -1 
463 -1 -1 -1 -1 
467 -1 -1 -1 -1 
468 -1 -1 -1 -1 
484 -1 -1 -1 -1 
485 -1 -1 -1 -1 
489 -1 -1 -1 -1 
490 -1 -1 -1 -1 
491 -1 -1 -1 -1 
495 -1 -1 -1 -1 
499 -1 -1 -1 -1 
500 -1 -1 -1 -1 
456 493 -1 -1 -1 
476 498 -1 -1 -1 
389 483 -1 -1 -1 
424 476 -1 -1 -1 
424 498 -1 -1 -1 
357 488 -1 -1 -1 
362 436 -1 -1 -1 
363 400 -1 -1 -1 
444 448 -1 -1 -1 
460 476 497 -1 -1 
460 497 498 -1 -1 
472 492 509 -1 -1 
