391 -1 -1 -1 -1 
457 -1 -1 -1 -1 
458 -1 -1 -1 -1 
484 -1 -1 -1 -1 
485 -1 -1 -1 -1 
489 -1 -1 -1 -1 
490 -1 -1 -1 -1 
491 -1 -1 -1 -1 
492 -1 -1 -1 -1 
494 -1 -1 -1 -1 
496 -1 -1 -1 -1 
499 -1 -1 -1 -1 
456 493 -1 -1 -1 
394 431 -1 -1 -1 
463 500 -1 -1 -1 
264 301 -1 -1 -1 
471 472 508 -1 -1 
423 460 461 -1 -1 
425 426 462 -1 -1 
388 469 470 -1 -1 
427 428 488 -1 -1 
395 396 506 -1 -1 
228 265 386 -1 -1 
297 334 455 -1 -1 
203 240 361 -1 -1 
138 175 296 -1 -1 
218 255 376 -1 -1 
183 220 341 -1 -1 
