361 -1 -1 -1 -1
388 -1 -1 -1 -1
394 -1 -1 -1 -1
395 -1 -1 -1 -1
410 -1 -1 -1 -1
423 -1 -1 -1 -1
425 -1 -1 -1 -1
426 -1 -1 -1 -1
427 -1 -1 -1 -1
430 -1 -1 -1 -1
432 -1 -1 -1 -1
434 -1 -1 -1 -1
450 -1 -1 -1 -1
452 -1 -1 -1 -1
453 -1 -1 -1 -1
455 -1 -1 -1 -1
457 -1 -1 -1 -1
462 -1 -1 -1 -1
463 -1 -1 -1 -1
467 -1 -1 -1 -1
468 -1 -1 -1 -1
469 -1 -1 -1 -1
470 -1 -1 -1 -1
484 -1 -1 -1 -1
485 -1 -1 -1 -1
489 -1 -1 -1 -1
490 -1 -1 -1 -1
491 -1 -1 -1 -1
494 -1 -1 -1 -1
495 -1 -1 -1 -1
499 -1 -1 -1 -1
500 -1 -1 -1 -1
501 -1 -1 -1 -1
504 -1 -1 -1 -1
505 -1 -1 -1 -1
480 488 -1 -1 -1
480 492 -1 -1 -1
480 502 -1 -1 -1
451 472 -1 -1 -1
487 488 -1 -1 -1
492 493 -1 -1 -1
456 464 -1 -1 -1
456 465 -1 -1 -1
496 498 -1 -1 -1
456 492 -1 -1 -1
456 493 -1 -1 -1
458 476 -1 -1 -1
459 476 -1 -1 -1
461 476 -1 -1 -1
461 477 -1 -1 -1
461 496 -1 -1 -1
461 498 -1 -1 -1
464 472 -1 -1 -1
464 492 -1 -1 -1
464 493 -1 -1 -1
465 472 -1 -1 -1
465 492 -1 -1 -1
465 493 -1 -1 -1
472 508 -1 -1 -1
472 509 -1 -1 -1
474 511 -1 -1 -1
475 487 -1 -1 -1
475 488 -1 -1 -1
475 502 -1 -1 -1
476 496 -1 -1 -1
476 498 -1 -1 -1
477 498 -1 -1 -1
389 483 -1 -1 -1
391 428 -1 -1 -1
391 456 -1 -1 -1
391 472 -1 -1 -1
391 476 -1 -1 -1
392 429 -1 -1 -1
393 424 -1 -1 -1
393 461 -1 -1 -1
396 438 -1 -1 -1
397 456 -1 -1 -1
397 464 -1 -1 -1
397 480 -1 -1 -1
397 493 -1 -1 -1
397 508 -1 -1 -1
399 436 -1 -1 -1
400 447 -1 -1 -1
400 511 -1 -1 -1
401 424 -1 -1 -1
401 460 -1 -1 -1
401 461 -1 -1 -1
401 497 -1 -1 -1
401 498 -1 -1 -1
402 438 -1 -1 -1
402 464 -1 -1 -1
402 475 -1 -1 -1
402 493 -1 -1 -1
327 334 -1 -1 -1
327 357 -1 -1 -1
327 508 -1 -1 -1
264 322 -1 -1 -1
232 327 -1 -1 -1
232 444 -1 -1 -1
405 442 -1 -1 -1
329 456 -1 -1 -1
329 472 -1 -1 -1
329 492 -1 -1 -1
329 493 -1 -1 -1
330 404 -1 -1 -1
408 446 -1 -1 -1
331 479 -1 -1 -1
292 428 -1 -1 -1
332 359 -1 -1 -1
292 487 -1 -1 -1
292 488 -1 -1 -1
292 496 -1 -1 -1
292 502 -1 -1 -1
334 420 -1 -1 -1
268 407 -1 -1 -1
334 444 -1 -1 -1
269 480 -1 -1 -1
336 411 -1 -1 -1
296 360 -1 -1 -1
296 406 -1 -1 -1
296 407 -1 -1 -1
296 416 -1 -1 -1
296 428 -1 -1 -1
296 456 -1 -1 -1
296 493 -1 -1 -1
296 508 -1 -1 -1
297 332 -1 -1 -1
238 367 -1 -1 -1
298 306 -1 -1 -1
299 371 -1 -1 -1
356 390 -1 -1 -1
357 393 -1 -1 -1
357 431 -1 -1 -1
357 472 -1 -1 -1
416 444 -1 -1 -1
424 433 -1 -1 -1
424 461 -1 -1 -1
424 476 -1 -1 -1
424 477 -1 -1 -1
424 496 -1 -1 -1
424 498 -1 -1 -1
428 448 -1 -1 -1
428 503 -1 -1 -1
429 466 -1 -1 -1
431 472 -1 -1 -1
357 488 -1 -1 -1
360 444 -1 -1 -1
362 436 -1 -1 -1
274 283 -1 -1 -1
363 400 -1 -1 -1
364 366 -1 -1 -1
342 343 -1 -1 -1
433 461 -1 -1 -1
342 503 -1 -1 -1
433 498 -1 -1 -1
343 379 -1 -1 -1
437 474 -1 -1 -1
438 440 -1 -1 -1
438 444 -1 -1 -1
438 451 -1 -1 -1
440 482 -1 -1 -1
442 479 -1 -1 -1
443 446 -1 -1 -1
443 480 -1 -1 -1
444 448 -1 -1 -1
444 456 -1 -1 -1
444 464 -1 -1 -1
444 465 -1 -1 -1
444 471 -1 -1 -1
444 472 -1 -1 -1
444 493 -1 -1 -1
444 508 -1 -1 -1
365 402 -1 -1 -1
366 369 -1 -1 -1
366 397 -1 -1 -1
366 506 -1 -1 -1
367 403 -1 -1 -1
369 398 -1 -1 -1
369 493 -1 -1 -1
306 409 -1 -1 -1
306 429 -1 -1 -1
306 480 -1 -1 -1
447 474 -1 -1 -1
447 511 -1 -1 -1
373 411 -1 -1 -1
375 412 -1 -1 -1
284 408 -1 -1 -1
253 338 -1 -1 -1
224 225 402 -1 -1
224 225 476 -1 -1
480 482 483 -1 -1
480 487 488 -1 -1
448 451 476 -1 -1
480 487 502 -1 -1
480 488 496 -1 -1
480 496 502 -1 -1
480 497 502 -1 -1
480 502 506 -1 -1
448 456 502 -1 -1
384 390 401 -1 -1
416 433 438 -1 -1
416 433 451 -1 -1
416 433 456 -1 -1
416 433 475 -1 -1
416 433 480 -1 -1
448 458 466 -1 -1
448 459 466 -1 -1
448 464 466 -1 -1
448 466 472 -1 -1
448 466 475 -1 -1
448 466 480 -1 -1
448 466 487 -1 -1
448 466 488 -1 -1
448 466 496 -1 -1
448 477 502 -1 -1
448 477 503 -1 -1
416 438 444 -1 -1
416 438 506 -1 -1
384 398 429 -1 -1
384 398 466 -1 -1
384 398 503 -1 -1
384 399 409 -1 -1
384 399 439 -1 -1
384 399 480 -1 -1
416 443 465 -1 -1
416 444 458 -1 -1
416 444 459 -1 -1
416 444 464 -1 -1
416 444 475 -1 -1
416 444 480 -1 -1
416 444 492 -1 -1
416 444 496 -1 -1
416 446 448 -1 -1
416 448 466 -1 -1
416 448 502 -1 -1
352 365 393 -1 -1
352 365 428 -1 -1
352 365 456 -1 -1
352 365 459 -1 -1
448 488 503 -1 -1
448 492 502 -1 -1
352 365 493 -1 -1
352 365 496 -1 -1
352 365 502 -1 -1
448 493 502 -1 -1
487 497 498 -1 -1
488 497 498 -1 -1
492 496 498 -1 -1
492 497 506 -1 -1
492 502 503 -1 -1
492 506 507 -1 -1
493 497 506 -1 -1
352 365 508 -1 -1
493 502 503 -1 -1
493 506 507 -1 -1
496 497 498 -1 -1
449 483 486 -1 -1
451 456 475 -1 -1
451 456 487 -1 -1
451 456 488 -1 -1
451 458 472 -1 -1
451 460 475 -1 -1
451 461 506 -1 -1
451 464 488 -1 -1
451 465 488 -1 -1
451 472 487 -1 -1
451 472 492 -1 -1
451 472 507 -1 -1
451 475 493 -1 -1
451 475 497 -1 -1
451 480 503 -1 -1
384 408 446 -1 -1
352 367 508 -1 -1
416 471 472 -1 -1
416 472 475 -1 -1
416 472 480 -1 -1
416 475 506 -1 -1
288 297 356 -1 -1
451 488 492 -1 -1
451 488 493 -1 -1
451 496 506 -1 -1
451 497 506 -1 -1
451 498 506 -1 -1
384 418 435 -1 -1
384 418 466 -1 -1
384 420 439 -1 -1
384 420 480 -1 -1
384 421 444 -1 -1
384 429 435 -1 -1
384 429 471 -1 -1
384 435 444 -1 -1
384 435 466 -1 -1
384 435 503 -1 -1
352 384 438 -1 -1
352 384 475 -1 -1
384 443 476 -1 -1
384 444 509 -1 -1
456 458 464 -1 -1
456 458 465 -1 -1
456 458 506 -1 -1
456 459 506 -1 -1
456 460 480 -1 -1
456 465 487 -1 -1
456 472 480 -1 -1
456 472 488 -1 -1
456 477 506 -1 -1
456 480 497 -1 -1
352 390 393 -1 -1
352 390 458 -1 -1
352 390 459 -1 -1
352 390 460 -1 -1
456 496 506 -1 -1
352 390 476 -1 -1
352 390 477 -1 -1
352 390 497 -1 -1
456 506 507 -1 -1
458 459 461 -1 -1
458 459 476 -1 -1
458 459 498 -1 -1
458 460 476 -1 -1
458 461 488 -1 -1
458 461 496 -1 -1
458 464 506 -1 -1
458 465 472 -1 -1
458 465 476 -1 -1
458 472 508 -1 -1
458 472 509 -1 -1
458 475 487 -1 -1
458 475 488 -1 -1
458 475 502 -1 -1
458 476 492 -1 -1
458 476 496 -1 -1
458 476 497 -1 -1
458 480 487 -1 -1
458 480 488 -1 -1
458 480 502 -1 -1
458 488 498 -1 -1
458 492 506 -1 -1
458 493 506 -1 -1
458 496 498 -1 -1
384 466 471 -1 -1
418 420 435 -1 -1
418 421 429 -1 -1
418 421 435 -1 -1
459 460 476 -1 -1
459 460 498 -1 -1
459 461 472 -1 -1
459 461 488 -1 -1
459 464 506 -1 -1
459 465 476 -1 -1
459 465 506 -1 -1
459 472 498 -1 -1
459 474 511 -1 -1
459 475 488 -1 -1
459 475 502 -1 -1
459 476 492 -1 -1
459 476 497 -1 -1
459 480 487 -1 -1
459 480 488 -1 -1
459 480 502 -1 -1
459 488 498 -1 -1
459 492 498 -1 -1
459 492 506 -1 -1
459 493 506 -1 -1
460 461 487 -1 -1
460 461 488 -1 -1
460 461 496 -1 -1
460 461 497 -1 -1
460 464 506 -1 -1
418 435 507 -1 -1
418 436 447 -1 -1
418 436 511 -1 -1
418 438 444 -1 -1
460 465 506 -1 -1
460 471 472 -1 -1
460 472 475 -1 -1
460 472 476 -1 -1
460 475 480 -1 -1
460 476 477 -1 -1
460 476 480 -1 -1
460 476 488 -1 -1
460 476 496 -1 -1
460 476 497 -1 -1
460 477 496 -1 -1
460 477 497 -1 -1
460 480 502 -1 -1
460 488 498 -1 -1
460 492 506 -1 -1
460 493 506 -1 -1
460 496 497 -1 -1
460 496 498 -1 -1
460 497 498 -1 -1
461 465 476 -1 -1
461 472 476 -1 -1
461 472 477 -1 -1
461 472 506 -1 -1
461 475 480 -1 -1
461 476 480 -1 -1
418 443 444 -1 -1
418 444 475 -1 -1
418 444 502 -1 -1
418 444 503 -1 -1
418 445 474 -1 -1
418 445 511 -1 -1
418 448 456 -1 -1
418 448 492 -1 -1
418 448 493 -1 -1
461 476 487 -1 -1
461 476 492 -1 -1
461 477 492 -1 -1
461 477 496 -1 -1
461 487 497 -1 -1
461 488 497 -1 -1
461 492 496 -1 -1
461 496 497 -1 -1
464 465 466 -1 -1
464 466 503 -1 -1
464 472 492 -1 -1
464 477 506 -1 -1
352 418 502 -1 -1
352 418 503 -1 -1
464 487 492 -1 -1
464 487 493 -1 -1
464 487 502 -1 -1
464 488 502 -1 -1
288 327 367 -1 -1
464 497 506 -1 -1
465 472 502 -1 -1
465 476 496 -1 -1
465 476 498 -1 -1
465 477 506 -1 -1
465 487 492 -1 -1
465 487 493 -1 -1
465 487 502 -1 -1
465 488 502 -1 -1
465 497 506 -1 -1
465 506 507 -1 -1
466 475 503 -1 -1
288 330 377 -1 -1
288 334 356 -1 -1
466 480 503 -1 -1
466 487 502 -1 -1
466 493 503 -1 -1
471 472 497 -1 -1
471 472 506 -1 -1
471 472 507 -1 -1
472 475 493 -1 -1
472 475 497 -1 -1
472 476 477 -1 -1
472 476 497 -1 -1
472 476 498 -1 -1
472 477 498 -1 -1
472 477 508 -1 -1
352 483 509 -1 -1
472 480 493 -1 -1
472 488 493 -1 -1
472 492 509 -1 -1
472 498 506 -1 -1
472 502 503 -1 -1
419 476 483 -1 -1
353 355 400 -1 -1
419 482 503 -1 -1
224 266 306 -1 -1
386 387 480 -1 -1
386 387 503 -1 -1
420 421 475 -1 -1
420 421 480 -1 -1
474 492 511 -1 -1
474 496 511 -1 -1
474 502 511 -1 -1
475 476 502 -1 -1
475 477 482 -1 -1
475 477 487 -1 -1
475 477 488 -1 -1
475 480 497 -1 -1
475 480 498 -1 -1
420 435 444 -1 -1
475 487 492 -1 -1
475 487 502 -1 -1
475 488 492 -1 -1
475 488 496 -1 -1
420 436 474 -1 -1
475 492 496 -1 -1
475 496 502 -1 -1
475 502 506 -1 -1
476 477 488 -1 -1
476 477 497 -1 -1
476 478 482 -1 -1
476 480 497 -1 -1
476 480 498 -1 -1
476 487 498 -1 -1
420 443 446 -1 -1
420 444 509 -1 -1
420 451 509 -1 -1
476 488 497 -1 -1
476 492 496 -1 -1
476 492 498 -1 -1
476 496 497 -1 -1
477 480 488 -1 -1
420 465 472 -1 -1
477 482 488 -1 -1
477 492 498 -1 -1
477 492 506 -1 -1
477 493 506 -1 -1
477 496 497 -1 -1
477 496 498 -1 -1
478 479 483 -1 -1
421 424 508 -1 -1
421 424 509 -1 -1
421 429 435 -1 -1
421 429 471 -1 -1
288 360 367 -1 -1
224 276 350 -1 -1
421 435 444 -1 -1
421 435 466 -1 -1
421 435 480 -1 -1
421 444 509 -1 -1
421 451 472 -1 -1
421 461 508 -1 -1
421 461 509 -1 -1
421 475 509 -1 -1
421 492 507 -1 -1
421 493 507 -1 -1
421 498 508 -1 -1
421 498 509 -1 -1
421 506 508 -1 -1
421 507 508 -1 -1
224 302 343 -1 -1
224 302 392 -1 -1
424 429 446 -1 -1
424 431 458 -1 -1
424 431 459 -1 -1
424 431 477 -1 -1
424 431 492 -1 -1
424 433 458 -1 -1
424 433 459 -1 -1
424 433 464 -1 -1
424 433 465 -1 -1
424 433 472 -1 -1
424 433 487 -1 -1
424 433 492 -1 -1
424 433 496 -1 -1
288 404 420 -1 -1
288 404 436 -1 -1
288 404 510 -1 -1
354 355 392 -1 -1
354 355 466 -1 -1
424 438 480 -1 -1
424 439 448 -1 -1
424 439 451 -1 -1
424 439 503 -1 -1
424 440 460 -1 -1
424 440 472 -1 -1
424 440 487 -1 -1
424 440 488 -1 -1
424 440 497 -1 -1
424 444 460 -1 -1
424 444 497 -1 -1
424 444 498 -1 -1
424 446 466 -1 -1
424 446 502 -1 -1
424 451 506 -1 -1
424 458 459 -1 -1
424 458 488 -1 -1
424 458 496 -1 -1
424 459 472 -1 -1
424 459 488 -1 -1
424 459 492 -1 -1
424 460 487 -1 -1
424 460 488 -1 -1
424 460 496 -1 -1
424 460 497 -1 -1
424 465 476 -1 -1
424 472 476 -1 -1
424 472 477 -1 -1
424 472 506 -1 -1
424 475 480 -1 -1
424 476 480 -1 -1
424 476 487 -1 -1
424 476 492 -1 -1
424 477 492 -1 -1
424 477 496 -1 -1
424 487 497 -1 -1
424 488 497 -1 -1
424 492 496 -1 -1
424 492 498 -1 -1
224 312 377 -1 -1
424 496 497 -1 -1
428 429 444 -1 -1
428 429 451 -1 -1
428 429 472 -1 -1
428 429 502 -1 -1
428 431 475 -1 -1
428 431 480 -1 -1
428 437 447 -1 -1
428 437 511 -1 -1
428 438 458 -1 -1
428 438 460 -1 -1
428 438 464 -1 -1
428 438 487 -1 -1
428 438 488 -1 -1
428 438 497 -1 -1
428 439 443 -1 -1
428 439 477 -1 -1
428 440 475 -1 -1
389 401 482 -1 -1
389 403 444 -1 -1
428 446 476 -1 -1
428 448 458 -1 -1
428 448 472 -1 -1
428 448 475 -1 -1
428 448 480 -1 -1
428 448 487 -1 -1
428 451 466 -1 -1
428 456 475 -1 -1
428 456 480 -1 -1
389 404 472 -1 -1
389 404 487 -1 -1
389 404 488 -1 -1
428 458 503 -1 -1
428 464 475 -1 -1
428 464 480 -1 -1
428 464 487 -1 -1
428 464 488 -1 -1
428 465 475 -1 -1
428 465 488 -1 -1
428 466 472 -1 -1
428 475 506 -1 -1
428 492 503 -1 -1
428 503 506 -1 -1
429 431 502 -1 -1
429 437 447 -1 -1
429 437 511 -1 -1
429 438 448 -1 -1
429 438 465 -1 -1
429 438 503 -1 -1
429 439 506 -1 -1
429 440 448 -1 -1
429 443 476 -1 -1
429 446 461 -1 -1
429 446 476 -1 -1
429 446 477 -1 -1
429 446 498 -1 -1
429 448 456 -1 -1
429 448 472 -1 -1
429 448 477 -1 -1
429 451 502 -1 -1
389 438 475 -1 -1
429 458 466 -1 -1
389 440 441 -1 -1
429 464 465 -1 -1
429 464 503 -1 -1
389 442 478 -1 -1
429 466 472 -1 -1
429 466 492 -1 -1
429 466 506 -1 -1
429 475 503 -1 -1
389 464 483 -1 -1
429 480 503 -1 -1
429 493 503 -1 -1
389 478 479 -1 -1
389 480 482 -1 -1
389 482 498 -1 -1
389 483 487 -1 -1
389 483 492 -1 -1
431 438 440 -1 -1
431 438 444 -1 -1
431 438 451 -1 -1
431 438 472 -1 -1
431 438 477 -1 -1
431 438 492 -1 -1
431 438 493 -1 -1
431 439 443 -1 -1
431 439 448 -1 -1
431 440 476 -1 -1
431 440 498 -1 -1
431 443 446 -1 -1
431 444 471 -1 -1
431 444 487 -1 -1
431 444 488 -1 -1
431 446 502 -1 -1
431 451 456 -1 -1
431 451 465 -1 -1
431 456 475 -1 -1
431 456 506 -1 -1
431 458 461 -1 -1
431 458 476 -1 -1
431 459 461 -1 -1
431 459 476 -1 -1
431 459 498 -1 -1
431 460 461 -1 -1
431 460 477 -1 -1
431 461 477 -1 -1
431 461 488 -1 -1
431 461 492 -1 -1
431 466 502 -1 -1
431 472 487 -1 -1
431 475 480 -1 -1
431 475 492 -1 -1
431 475 493 -1 -1
431 476 477 -1 -1
431 476 480 -1 -1
431 476 487 -1 -1
431 476 488 -1 -1
431 476 496 -1 -1
431 477 497 -1 -1
431 480 502 -1 -1
431 487 498 -1 -1
431 488 498 -1 -1
431 492 506 -1 -1
431 493 506 -1 -1
431 496 498 -1 -1
431 497 498 -1 -1
390 403 451 -1 -1
390 403 475 -1 -1
433 438 456 -1 -1
433 438 493 -1 -1
433 439 503 -1 -1
433 440 487 -1 -1
433 440 488 -1 -1
224 339 370 -1 -1
433 443 475 -1 -1
433 443 480 -1 -1
433 443 503 -1 -1
433 444 506 -1 -1
433 444 507 -1 -1
433 444 508 -1 -1
433 448 503 -1 -1
433 456 475 -1 -1
433 456 476 -1 -1
433 456 480 -1 -1
433 456 506 -1 -1
433 458 460 -1 -1
433 458 461 -1 -1
433 458 497 -1 -1
433 458 498 -1 -1
433 459 460 -1 -1
433 459 461 -1 -1
433 459 497 -1 -1
433 459 498 -1 -1
433 460 477 -1 -1
433 460 497 -1 -1
433 461 465 -1 -1
433 461 472 -1 -1
433 461 487 -1 -1
433 461 492 -1 -1
433 461 496 -1 -1
433 464 498 -1 -1
433 465 498 -1 -1
433 465 506 -1 -1
433 465 507 -1 -1
433 472 476 -1 -1
433 472 480 -1 -1
433 472 498 -1 -1
433 472 507 -1 -1
433 475 480 -1 -1
433 476 492 -1 -1
433 476 493 -1 -1
433 477 497 -1 -1
433 480 502 -1 -1
433 487 498 -1 -1
433 492 498 -1 -1
433 492 506 -1 -1
433 492 507 -1 -1
433 493 506 -1 -1
433 493 507 -1 -1
433 496 498 -1 -1
435 451 472 -1 -1
435 472 475 -1 -1
435 472 480 -1 -1
435 474 510 -1 -1
322 323 360 -1 -1
391 392 438 -1 -1
391 392 475 -1 -1
391 392 480 -1 -1
391 393 456 -1 -1
391 393 472 -1 -1
391 393 506 -1 -1
391 396 424 -1 -1
391 396 461 -1 -1
391 396 507 -1 -1
391 397 444 -1 -1
391 397 476 -1 -1
391 397 502 -1 -1
391 399 420 -1 -1
391 399 436 -1 -1
391 401 406 -1 -1
391 401 440 -1 -1
391 401 443 -1 -1
391 401 477 -1 -1
391 401 498 -1 -1
391 402 456 -1 -1
391 402 472 -1 -1
391 402 492 -1 -1
391 402 493 -1 -1
436 474 510 -1 -1
322 336 374 -1 -1
322 338 419 -1 -1
391 424 451 -1 -1
437 446 447 -1 -1
437 446 511 -1 -1
437 447 466 -1 -1
437 447 475 -1 -1
437 447 502 -1 -1
391 429 448 -1 -1
391 429 503 -1 -1
391 431 493 -1 -1
391 433 498 -1 -1
391 438 466 -1 -1
391 440 461 -1 -1
437 466 511 -1 -1
437 474 480 -1 -1
437 474 487 -1 -1
391 443 475 -1 -1
437 475 511 -1 -1
391 444 492 -1 -1
391 451 461 -1 -1
437 502 511 -1 -1
391 451 480 -1 -1
391 456 487 -1 -1
438 440 492 -1 -1
391 458 476 -1 -1
391 460 506 -1 -1
438 443 451 -1 -1
391 464 466 -1 -1
438 443 493 -1 -1
438 444 448 -1 -1
438 444 464 -1 -1
438 444 496 -1 -1
438 444 507 -1 -1
438 444 508 -1 -1
391 472 502 -1 -1
391 476 487 -1 -1
391 476 496 -1 -1
391 476 497 -1 -1
438 448 466 -1 -1
391 477 506 -1 -1
438 451 459 -1 -1
438 451 460 -1 -1
438 451 496 -1 -1
438 451 497 -1 -1
438 456 458 -1 -1
438 456 487 -1 -1
391 488 506 -1 -1
391 493 498 -1 -1
391 497 506 -1 -1
392 393 502 -1 -1
438 456 488 -1 -1
438 456 497 -1 -1
438 458 477 -1 -1
392 396 448 -1 -1
438 458 502 -1 -1
438 459 502 -1 -1
438 460 472 -1 -1
438 460 480 -1 -1
392 397 448 -1 -1
438 460 502 -1 -1
438 461 480 -1 -1
392 397 503 -1 -1
438 464 503 -1 -1
438 465 466 -1 -1
438 466 503 -1 -1
438 472 487 -1 -1
438 472 488 -1 -1
438 472 497 -1 -1
438 475 476 -1 -1
438 475 483 -1 -1
438 476 502 -1 -1
438 477 487 -1 -1
438 477 488 -1 -1
438 480 497 -1 -1
438 480 498 -1 -1
438 487 492 -1 -1
438 487 493 -1 -1
438 487 502 -1 -1
392 398 421 -1 -1
438 488 492 -1 -1
438 488 493 -1 -1
438 488 502 -1 -1
438 496 502 -1 -1
438 497 502 -1 -1
439 440 451 -1 -1
439 440 502 -1 -1
439 443 502 -1 -1
439 443 506 -1 -1
392 402 448 -1 -1
439 446 475 -1 -1
439 448 460 -1 -1
439 448 461 -1 -1
439 448 497 -1 -1
439 448 498 -1 -1
439 448 506 -1 -1
439 451 460 -1 -1
439 451 461 -1 -1
439 451 497 -1 -1
439 451 498 -1 -1
439 461 503 -1 -1
439 466 506 -1 -1
439 477 502 -1 -1
439 496 503 -1 -1
439 498 503 -1 -1
440 441 483 -1 -1
440 443 446 -1 -1
440 444 476 -1 -1
440 444 508 -1 -1
440 448 466 -1 -1
356 360 418 -1 -1
440 458 482 -1 -1
440 460 461 -1 -1
440 460 476 -1 -1
356 362 477 -1 -1
322 373 374 -1 -1
322 374 440 -1 -1
322 374 471 -1 -1
322 374 476 -1 -1
322 374 477 -1 -1
356 367 369 -1 -1
356 367 507 -1 -1
392 421 446 -1 -1
392 421 471 -1 -1
392 424 446 -1 -1
392 424 466 -1 -1
392 428 472 -1 -1
392 428 506 -1 -1
392 429 480 -1 -1
392 429 487 -1 -1
392 438 448 -1 -1
392 438 503 -1 -1
392 439 444 -1 -1
440 460 498 -1 -1
440 461 487 -1 -1
440 461 488 -1 -1
440 461 497 -1 -1
440 472 508 -1 -1
440 475 488 -1 -1
440 476 487 -1 -1
440 476 488 -1 -1
440 476 497 -1 -1
392 440 446 -1 -1
392 440 448 -1 -1
440 480 488 -1 -1
440 482 487 -1 -1
440 482 506 -1 -1
440 487 498 -1 -1
440 488 498 -1 -1
440 497 498 -1 -1
392 443 498 -1 -1
392 446 458 -1 -1
392 446 461 -1 -1
392 446 477 -1 -1
392 446 497 -1 -1
392 448 475 -1 -1
392 448 487 -1 -1
392 461 466 -1 -1
392 464 465 -1 -1
392 464 503 -1 -1
392 472 502 -1 -1
392 475 503 -1 -1
392 503 506 -1 -1
393 396 402 -1 -1
393 396 444 -1 -1
393 397 401 -1 -1
393 397 438 -1 -1
393 397 451 -1 -1
393 397 475 -1 -1
393 397 480 -1 -1
356 377 418 -1 -1
441 479 482 -1 -1
393 397 507 -1 -1
393 399 436 -1 -1
393 401 406 -1 -1
393 401 424 -1 -1
393 401 496 -1 -1
393 402 431 -1 -1
393 402 433 -1 -1
393 402 506 -1 -1
393 404 441 -1 -1
393 405 442 -1 -1
356 390 433 -1 -1
356 390 458 -1 -1
356 390 460 -1 -1
356 390 492 -1 -1
356 390 496 -1 -1
356 390 497 -1 -1
356 390 502 -1 -1
356 391 418 -1 -1
393 408 446 -1 -1
442 464 479 -1 -1
442 472 479 -1 -1
442 478 483 -1 -1
442 479 487 -1 -1
442 479 492 -1 -1
442 479 506 -1 -1
443 444 503 -1 -1
443 446 460 -1 -1
443 446 464 -1 -1
443 446 497 -1 -1
443 446 507 -1 -1
356 392 418 -1 -1
356 399 477 -1 -1
393 424 433 -1 -1
443 448 488 -1 -1
393 424 458 -1 -1
393 424 459 -1 -1
393 424 460 -1 -1
393 424 477 -1 -1
393 424 487 -1 -1
393 424 492 -1 -1
393 424 497 -1 -1
393 431 440 -1 -1
393 431 456 -1 -1
393 431 465 -1 -1
393 431 492 -1 -1
393 431 493 -1 -1
393 433 440 -1 -1
393 433 461 -1 -1
443 472 475 -1 -1
443 475 492 -1 -1
443 475 493 -1 -1
443 476 503 -1 -1
443 480 492 -1 -1
443 480 506 -1 -1
356 404 508 -1 -1
393 438 451 -1 -1
393 438 472 -1 -1
393 439 443 -1 -1
393 439 448 -1 -1
393 440 497 -1 -1
393 440 498 -1 -1
444 446 466 -1 -1
393 442 479 -1 -1
393 443 446 -1 -1
444 448 464 -1 -1
444 448 496 -1 -1
393 444 448 -1 -1
393 444 475 -1 -1
393 444 480 -1 -1
393 444 487 -1 -1
393 444 488 -1 -1
444 451 506 -1 -1
444 456 458 -1 -1
444 456 475 -1 -1
444 456 480 -1 -1
444 456 492 -1 -1
444 456 496 -1 -1
444 458 464 -1 -1
444 458 465 -1 -1
444 458 471 -1 -1
444 458 472 -1 -1
444 458 493 -1 -1
444 458 508 -1 -1
444 459 464 -1 -1
444 459 465 -1 -1
444 459 471 -1 -1
444 459 472 -1 -1
444 459 493 -1 -1
444 459 508 -1 -1
444 460 480 -1 -1
444 460 498 -1 -1
393 456 480 -1 -1
393 456 506 -1 -1
393 458 461 -1 -1
444 464 471 -1 -1
444 464 475 -1 -1
444 464 487 -1 -1
444 464 496 -1 -1
444 465 475 -1 -1
393 458 476 -1 -1
393 459 461 -1 -1
393 460 461 -1 -1
393 460 497 -1 -1
393 461 477 -1 -1
393 461 487 -1 -1
393 461 492 -1 -1
393 461 497 -1 -1
393 464 506 -1 -1
393 465 476 -1 -1
393 465 506 -1 -1
393 472 475 -1 -1
356 418 446 -1 -1
393 472 480 -1 -1
393 472 487 -1 -1
393 472 488 -1 -1
356 418 480 -1 -1
393 472 508 -1 -1
393 474 511 -1 -1
393 475 477 -1 -1
393 476 477 -1 -1
393 476 488 -1 -1
393 476 492 -1 -1
393 476 496 -1 -1
393 480 492 -1 -1
393 480 493 -1 -1
393 488 498 -1 -1
393 492 506 -1 -1
393 493 506 -1 -1
393 496 498 -1 -1
444 465 480 -1 -1
444 465 492 -1 -1
444 465 496 -1 -1
444 471 496 -1 -1
444 472 480 -1 -1
444 472 487 -1 -1
444 472 492 -1 -1
444 472 496 -1 -1
444 472 509 -1 -1
444 474 511 -1 -1
444 475 493 -1 -1
444 475 507 -1 -1
444 475 508 -1 -1
444 480 493 -1 -1
444 480 497 -1 -1
444 487 508 -1 -1
444 492 493 -1 -1
444 492 508 -1 -1
444 493 496 -1 -1
444 496 508 -1 -1
444 497 498 -1 -1
444 502 503 -1 -1
444 506 507 -1 -1
356 435 439 -1 -1
356 440 508 -1 -1
396 397 401 -1 -1
396 397 402 -1 -1
396 397 438 -1 -1
396 397 451 -1 -1
396 397 471 -1 -1
396 401 424 -1 -1
396 401 460 -1 -1
396 401 461 -1 -1
396 401 497 -1 -1
396 401 498 -1 -1
396 401 507 -1 -1
396 402 424 -1 -1
396 402 440 -1 -1
396 402 460 -1 -1
396 402 461 -1 -1
396 402 476 -1 -1
396 402 477 -1 -1
396 402 497 -1 -1
396 402 498 -1 -1
396 402 507 -1 -1
396 403 404 -1 -1
396 405 479 -1 -1
396 409 437 -1 -1
396 416 438 -1 -1
396 416 475 -1 -1
396 416 476 -1 -1
396 416 480 -1 -1
446 448 456 -1 -1
446 448 464 -1 -1
446 448 465 -1 -1
446 448 471 -1 -1
446 448 472 -1 -1
446 448 493 -1 -1
446 448 508 -1 -1
446 461 466 -1 -1
446 461 502 -1 -1
446 466 476 -1 -1
446 466 477 -1 -1
446 466 498 -1 -1
446 476 480 -1 -1
446 476 502 -1 -1
357 359 402 -1 -1
357 362 435 -1 -1
357 362 510 -1 -1
357 363 437 -1 -1
396 416 487 -1 -1
396 416 488 -1 -1
396 418 448 -1 -1
396 421 471 -1 -1
396 424 456 -1 -1
396 424 465 -1 -1
396 424 472 -1 -1
396 424 492 -1 -1
396 424 493 -1 -1
396 428 480 -1 -1
396 429 439 -1 -1
396 429 448 -1 -1
396 433 456 -1 -1
396 433 472 -1 -1
447 459 474 -1 -1
447 464 474 -1 -1
447 472 474 -1 -1
447 474 492 -1 -1
447 474 496 -1 -1
396 438 458 -1 -1
396 438 487 -1 -1
396 439 448 -1 -1
396 439 451 -1 -1
396 439 466 -1 -1
396 440 451 -1 -1
396 440 456 -1 -1
396 443 503 -1 -1
396 444 458 -1 -1
396 444 487 -1 -1
396 444 488 -1 -1
396 444 506 -1 -1
396 446 448 -1 -1
396 448 466 -1 -1
396 456 461 -1 -1
396 456 475 -1 -1
396 456 476 -1 -1
396 456 480 -1 -1
396 456 498 -1 -1
396 456 506 -1 -1
396 461 465 -1 -1
396 461 472 -1 -1
396 461 492 -1 -1
396 461 493 -1 -1
396 464 476 -1 -1
396 464 506 -1 -1
396 465 498 -1 -1
396 465 507 -1 -1
396 472 480 -1 -1
396 472 498 -1 -1
396 476 493 -1 -1
396 480 502 -1 -1
396 492 498 -1 -1
447 475 511 -1 -1
447 480 511 -1 -1
447 508 510 -1 -1
357 364 396 -1 -1
357 366 369 -1 -1
357 366 397 -1 -1
396 493 498 -1 -1
396 493 506 -1 -1
396 493 507 -1 -1
396 506 508 -1 -1
397 399 473 -1 -1
357 369 398 -1 -1
397 400 447 -1 -1
397 400 474 -1 -1
357 369 464 -1 -1
357 369 471 -1 -1
397 400 511 -1 -1
357 369 493 -1 -1
397 401 433 -1 -1
397 401 476 -1 -1
397 401 487 -1 -1
397 401 488 -1 -1
397 402 424 -1 -1
397 402 433 -1 -1
397 402 460 -1 -1
397 402 461 -1 -1
397 402 497 -1 -1
397 402 498 -1 -1
323 336 389 -1 -1
397 416 424 -1 -1
397 416 440 -1 -1
397 416 461 -1 -1
397 416 475 -1 -1
397 416 477 -1 -1
397 416 480 -1 -1
397 416 498 -1 -1
323 338 419 -1 -1
397 418 448 -1 -1
397 420 472 -1 -1
397 421 451 -1 -1
397 428 438 -1 -1
397 428 439 -1 -1
397 428 503 -1 -1
397 431 475 -1 -1
397 431 477 -1 -1
397 431 480 -1 -1
397 431 506 -1 -1
397 431 507 -1 -1
397 433 444 -1 -1
397 433 451 -1 -1
397 435 472 -1 -1
397 438 458 -1 -1
397 438 459 -1 -1
397 438 488 -1 -1
397 438 496 -1 -1
397 440 456 -1 -1
397 440 464 -1 -1
397 440 465 -1 -1
397 440 493 -1 -1
397 440 506 -1 -1
397 440 507 -1 -1
397 442 479 -1 -1
397 443 446 -1 -1
397 444 451 -1 -1
225 255 478 -1 -1
397 444 476 -1 -1
397 444 509 -1 -1
225 256 272 -1 -1
397 447 474 -1 -1
397 448 502 -1 -1
397 451 458 -1 -1
397 451 459 -1 -1
357 391 428 -1 -1
357 391 472 -1 -1
357 392 429 -1 -1
357 393 472 -1 -1
357 393 492 -1 -1
357 393 506 -1 -1
357 396 401 -1 -1
357 396 438 -1 -1
397 451 496 -1 -1
397 451 506 -1 -1
397 456 458 -1 -1
397 456 465 -1 -1
397 456 477 -1 -1
397 456 492 -1 -1
397 458 475 -1 -1
397 459 475 -1 -1
397 459 480 -1 -1
397 460 471 -1 -1
397 460 480 -1 -1
397 460 506 -1 -1
397 460 507 -1 -1
397 464 472 -1 -1
397 464 476 -1 -1
397 464 477 -1 -1
397 464 487 -1 -1
397 464 508 -1 -1
397 465 476 -1 -1
397 465 492 -1 -1
357 397 438 -1 -1
397 471 476 -1 -1
357 397 456 -1 -1
397 471 497 -1 -1
397 471 506 -1 -1
357 397 475 -1 -1
357 397 476 -1 -1
357 397 480 -1 -1
397 472 492 -1 -1
357 397 493 -1 -1
397 472 493 -1 -1
357 397 506 -1 -1
357 397 508 -1 -1
397 472 509 -1 -1
397 474 511 -1 -1
397 475 488 -1 -1
397 475 496 -1 -1
397 476 488 -1 -1
357 399 435 -1 -1
397 477 493 -1 -1
397 477 507 -1 -1
357 399 510 -1 -1
397 480 496 -1 -1
397 480 497 -1 -1
397 480 508 -1 -1
357 401 448 -1 -1
357 402 444 -1 -1
357 402 456 -1 -1
357 402 493 -1 -1
397 487 493 -1 -1
397 487 508 -1 -1
397 492 493 -1 -1
397 497 506 -1 -1
397 497 507 -1 -1
397 502 503 -1 -1
397 506 507 -1 -1
398 399 435 -1 -1
398 399 438 -1 -1
398 399 456 -1 -1
398 399 464 -1 -1
398 399 465 -1 -1
398 399 493 -1 -1
398 399 508 -1 -1
398 399 509 -1 -1
398 400 436 -1 -1
357 416 451 -1 -1
225 266 400 -1 -1
357 424 460 -1 -1
357 424 461 -1 -1
357 424 477 -1 -1
357 424 497 -1 -1
357 428 438 -1 -1
357 428 464 -1 -1
357 428 465 -1 -1
357 428 475 -1 -1
357 428 480 -1 -1
357 429 448 -1 -1
398 416 418 -1 -1
357 431 444 -1 -1
357 431 487 -1 -1
357 431 492 -1 -1
357 433 440 -1 -1
357 433 461 -1 -1
398 418 421 -1 -1
398 418 471 -1 -1
398 420 444 -1 -1
398 421 480 -1 -1
357 438 456 -1 -1
357 438 472 -1 -1
357 438 477 -1 -1
357 438 492 -1 -1
357 438 493 -1 -1
357 438 502 -1 -1
357 439 443 -1 -1
357 440 461 -1 -1
357 440 475 -1 -1
357 440 482 -1 -1
357 444 471 -1 -1
357 444 480 -1 -1
357 444 488 -1 -1
357 447 474 -1 -1
357 448 466 -1 -1
357 451 507 -1 -1
398 438 472 -1 -1
398 444 448 -1 -1
357 456 475 -1 -1
398 451 472 -1 -1
357 458 472 -1 -1
357 458 488 -1 -1
357 459 461 -1 -1
357 459 472 -1 -1
357 460 476 -1 -1
357 460 498 -1 -1
357 461 476 -1 -1
357 461 496 -1 -1
357 461 498 -1 -1
357 464 502 -1 -1
357 465 493 -1 -1
357 472 487 -1 -1
357 472 506 -1 -1
357 474 511 -1 -1
357 475 477 -1 -1
357 475 492 -1 -1
357 475 493 -1 -1
357 475 502 -1 -1
357 476 497 -1 -1
357 477 498 -1 -1
357 480 502 -1 -1
357 487 488 -1 -1
357 488 492 -1 -1
357 488 506 -1 -1
357 497 498 -1 -1
398 464 472 -1 -1
398 465 472 -1 -1
398 472 475 -1 -1
398 472 493 -1 -1
399 401 471 -1 -1
399 402 420 -1 -1
399 402 471 -1 -1
399 402 510 -1 -1
399 416 480 -1 -1
399 418 466 -1 -1
399 418 502 -1 -1
399 420 480 -1 -1
399 420 487 -1 -1
399 420 488 -1 -1
399 420 508 -1 -1
399 421 480 -1 -1
399 424 507 -1 -1
399 431 510 -1 -1
399 435 444 -1 -1
399 435 451 -1 -1
399 435 465 -1 -1
399 435 508 -1 -1
399 435 509 -1 -1
399 436 458 -1 -1
399 436 475 -1 -1
399 445 466 -1 -1
399 445 502 -1 -1
399 445 503 -1 -1
399 451 473 -1 -1
399 456 473 -1 -1
399 456 508 -1 -1
399 456 509 -1 -1
399 459 471 -1 -1
399 461 507 -1 -1
399 464 509 -1 -1
399 471 496 -1 -1
399 471 498 -1 -1
399 471 506 -1 -1
399 472 510 -1 -1
399 473 480 -1 -1
399 476 507 -1 -1
399 487 510 -1 -1
399 488 510 -1 -1
399 492 508 -1 -1
399 493 508 -1 -1
399 493 509 -1 -1
399 496 507 -1 -1
400 401 408 -1 -1
400 401 445 -1 -1
400 402 474 -1 -1
400 408 476 -1 -1
225 304 363 -1 -1
225 304 400 -1 -1
400 418 445 -1 -1
400 420 436 -1 -1
400 421 473 -1 -1
400 424 437 -1 -1
400 435 510 -1 -1
400 436 510 -1 -1
400 437 444 -1 -1
400 437 461 -1 -1
400 437 476 -1 -1
400 437 498 -1 -1
400 444 474 -1 -1
400 444 511 -1 -1
400 447 472 -1 -1
400 447 492 -1 -1
400 451 474 -1 -1
324 334 448 -1 -1
324 334 471 -1 -1
324 335 359 -1 -1
324 335 396 -1 -1
324 335 435 -1 -1
324 335 448 -1 -1
324 335 509 -1 -1
400 492 511 -1 -1
401 402 476 -1 -1
401 402 488 -1 -1
401 402 492 -1 -1
359 360 433 -1 -1
359 364 391 -1 -1
359 364 393 -1 -1
359 364 451 -1 -1
359 364 459 -1 -1
359 364 472 -1 -1
324 343 436 -1 -1
359 365 367 -1 -1
401 405 479 -1 -1
401 406 431 -1 -1
401 406 456 -1 -1
401 406 472 -1 -1
401 406 493 -1 -1
401 406 506 -1 -1
401 406 507 -1 -1
401 408 446 -1 -1
359 366 433 -1 -1
401 424 431 -1 -1
401 424 458 -1 -1
401 424 459 -1 -1
401 424 464 -1 -1
401 424 465 -1 -1
401 424 472 -1 -1
401 424 496 -1 -1
401 424 506 -1 -1
401 428 439 -1 -1
359 366 476 -1 -1
359 367 441 -1 -1
359 367 478 -1 -1
359 369 416 -1 -1
359 369 456 -1 -1
359 369 464 -1 -1
359 369 475 -1 -1
359 369 506 -1 -1
359 369 508 -1 -1
401 429 446 -1 -1
401 431 460 -1 -1
401 431 461 -1 -1
401 431 497 -1 -1
401 433 507 -1 -1
401 439 444 -1 -1
401 440 465 -1 -1
401 443 465 -1 -1
324 356 402 -1 -1
324 356 446 -1 -1
324 356 476 -1 -1
324 356 480 -1 -1
359 372 409 -1 -1
324 357 429 -1 -1
324 357 466 -1 -1
324 359 472 -1 -1
401 448 476 -1 -1
401 456 476 -1 -1
401 456 477 -1 -1
401 458 461 -1 -1
401 458 498 -1 -1
401 459 460 -1 -1
401 459 461 -1 -1
401 459 496 -1 -1
401 459 497 -1 -1
401 459 498 -1 -1
401 460 472 -1 -1
401 460 487 -1 -1
401 460 497 -1 -1
401 460 506 -1 -1
401 461 464 -1 -1
401 461 465 -1 -1
401 461 472 -1 -1
401 461 496 -1 -1
401 461 506 -1 -1
401 464 477 -1 -1
401 464 498 -1 -1
401 465 477 -1 -1
401 465 498 -1 -1
401 472 476 -1 -1
401 472 497 -1 -1
324 362 438 -1 -1
401 472 498 -1 -1
324 362 461 -1 -1
401 476 506 -1 -1
401 477 493 -1 -1
324 364 384 -1 -1
225 341 369 -1 -1
359 379 400 -1 -1
359 379 474 -1 -1
401 487 497 -1 -1
401 496 498 -1 -1
401 497 506 -1 -1
401 498 506 -1 -1
402 408 447 -1 -1
402 408 511 -1 -1
359 389 403 -1 -1
359 391 402 -1 -1
359 391 424 -1 -1
359 391 440 -1 -1
359 391 461 -1 -1
359 391 498 -1 -1
359 393 402 -1 -1
359 393 492 -1 -1
359 393 493 -1 -1
359 396 438 -1 -1
359 396 451 -1 -1
359 396 471 -1 -1
359 396 475 -1 -1
359 396 480 -1 -1
359 397 451 -1 -1
359 397 476 -1 -1
324 380 400 -1 -1
324 380 474 -1 -1
402 418 421 -1 -1
402 420 472 -1 -1
359 397 507 -1 -1
359 401 431 -1 -1
359 401 472 -1 -1
359 401 487 -1 -1
359 401 488 -1 -1
359 402 433 -1 -1
359 402 458 -1 -1
359 402 477 -1 -1
359 402 487 -1 -1
359 402 488 -1 -1
359 402 506 -1 -1
359 403 440 -1 -1
359 403 483 -1 -1
324 384 429 -1 -1
324 384 466 -1 -1
324 384 503 -1 -1
402 428 438 -1 -1
402 428 439 -1 -1
402 428 451 -1 -1
402 428 475 -1 -1
402 428 480 -1 -1
402 429 439 -1 -1
402 429 448 -1 -1
402 429 451 -1 -1
402 431 475 -1 -1
402 433 440 -1 -1
402 433 460 -1 -1
402 433 461 -1 -1
402 433 477 -1 -1
402 433 497 -1 -1
402 433 506 -1 -1
402 433 507 -1 -1
402 438 444 -1 -1
402 438 458 -1 -1
402 438 460 -1 -1
402 438 487 -1 -1
402 438 496 -1 -1
402 438 497 -1 -1
402 438 506 -1 -1
402 439 466 -1 -1
359 409 446 -1 -1
359 416 480 -1 -1
359 418 448 -1 -1
324 399 416 -1 -1
324 399 424 -1 -1
324 399 438 -1 -1
402 444 458 -1 -1
324 399 461 -1 -1
402 444 475 -1 -1
402 444 487 -1 -1
359 421 451 -1 -1
402 444 488 -1 -1
359 421 471 -1 -1
359 421 508 -1 -1
359 421 510 -1 -1
402 446 448 -1 -1
359 424 438 -1 -1
359 424 456 -1 -1
359 424 465 -1 -1
402 448 466 -1 -1
359 424 492 -1 -1
359 424 493 -1 -1
402 448 502 -1 -1
402 451 466 -1 -1
402 451 476 -1 -1
402 451 480 -1 -1
359 431 464 -1 -1
402 456 459 -1 -1
402 456 465 -1 -1
402 456 472 -1 -1
402 456 476 -1 -1
359 431 493 -1 -1
402 456 480 -1 -1
402 456 488 -1 -1
359 433 451 -1 -1
402 459 475 -1 -1
324 399 498 -1 -1
402 465 476 -1 -1
402 465 493 -1 -1
359 438 461 -1 -1
359 438 476 -1 -1
359 438 498 -1 -1
359 438 506 -1 -1
359 438 507 -1 -1
402 472 476 -1 -1
402 472 480 -1 -1
402 472 492 -1 -1
402 472 493 -1 -1
359 440 456 -1 -1
359 440 492 -1 -1
359 440 493 -1 -1
402 475 496 -1 -1
402 480 482 -1 -1
359 444 480 -1 -1
402 492 493 -1 -1
402 502 503 -1 -1
403 404 424 -1 -1
403 404 433 -1 -1
403 404 461 -1 -1
403 404 476 -1 -1
403 404 498 -1 -1
403 404 506 -1 -1
359 451 458 -1 -1
359 451 460 -1 -1
359 451 477 -1 -1
359 451 497 -1 -1
359 451 507 -1 -1
359 456 459 -1 -1
359 456 461 -1 -1
359 456 496 -1 -1
359 456 498 -1 -1
359 458 464 -1 -1
324 408 447 -1 -1
324 408 511 -1 -1
324 409 510 -1 -1
359 459 464 -1 -1
359 459 465 -1 -1
359 459 472 -1 -1
359 459 492 -1 -1
359 459 493 -1 -1
359 460 465 -1 -1
359 460 492 -1 -1
359 460 493 -1 -1
359 461 464 -1 -1
359 461 465 -1 -1
359 461 492 -1 -1
359 461 493 -1 -1
359 464 496 -1 -1
359 464 497 -1 -1
359 464 498 -1 -1
359 465 496 -1 -1
359 465 497 -1 -1
359 465 498 -1 -1
359 472 477 -1 -1
359 472 496 -1 -1
359 472 507 -1 -1
359 475 476 -1 -1
359 475 506 -1 -1
359 492 496 -1 -1
359 492 498 -1 -1
359 493 496 -1 -1
359 493 498 -1 -1
360 362 416 -1 -1
360 363 436 -1 -1
360 363 473 -1 -1
360 363 510 -1 -1
403 419 428 -1 -1
403 419 502 -1 -1
403 419 503 -1 -1
324 438 472 -1 -1
403 421 477 -1 -1
403 438 440 -1 -1
360 369 451 -1 -1
324 461 472 -1 -1
324 472 475 -1 -1
403 440 476 -1 -1
403 444 483 -1 -1
360 377 443 -1 -1
360 379 447 -1 -1
225 415 479 -1 -1
360 384 418 -1 -1
360 384 429 -1 -1
360 384 439 -1 -1
360 384 466 -1 -1
360 384 503 -1 -1
325 332 342 -1 -1
325 332 472 -1 -1
360 389 390 -1 -1
360 390 483 -1 -1
360 391 444 -1 -1
360 392 421 -1 -1
360 393 397 -1 -1
360 396 399 -1 -1
360 397 401 -1 -1
360 397 424 -1 -1
360 397 433 -1 -1
360 397 461 -1 -1
360 397 476 -1 -1
360 397 477 -1 -1
360 397 498 -1 -1
360 399 402 -1 -1
360 399 433 -1 -1
360 399 451 -1 -1
360 409 510 -1 -1
404 433 482 -1 -1
404 438 482 -1 -1
325 342 369 -1 -1
325 343 451 -1 -1
360 421 433 -1 -1
360 421 502 -1 -1
360 424 472 -1 -1
404 440 441 -1 -1
404 441 458 -1 -1
404 441 459 -1 -1
404 441 460 -1 -1
404 441 497 -1 -1
360 431 444 -1 -1
325 352 419 -1 -1
404 472 478 -1 -1
404 472 483 -1 -1
404 475 482 -1 -1
360 440 444 -1 -1
404 478 487 -1 -1
404 478 488 -1 -1
404 483 487 -1 -1
404 483 488 -1 -1
360 444 460 -1 -1
360 444 487 -1 -1
360 444 492 -1 -1
360 444 497 -1 -1
360 448 465 -1 -1
360 448 503 -1 -1
360 459 472 -1 -1
360 461 472 -1 -1
360 472 496 -1 -1
360 472 498 -1 -1
360 472 506 -1 -1
325 362 384 -1 -1
325 362 439 -1 -1
362 363 399 -1 -1
325 363 451 -1 -1
405 424 479 -1 -1
405 433 479 -1 -1
325 369 472 -1 -1
405 441 482 -1 -1
405 442 458 -1 -1
405 442 459 -1 -1
405 442 464 -1 -1
405 442 492 -1 -1
405 442 496 -1 -1
405 461 479 -1 -1
405 479 498 -1 -1
362 381 384 -1 -1
362 384 409 -1 -1
362 384 439 -1 -1
362 384 480 -1 -1
362 391 398 -1 -1
362 391 435 -1 -1
362 393 436 -1 -1
362 397 473 -1 -1
362 398 435 -1 -1
362 398 456 -1 -1
362 398 464 -1 -1
362 398 465 -1 -1
362 398 493 -1 -1
362 398 508 -1 -1
362 398 509 -1 -1
362 399 447 -1 -1
362 399 511 -1 -1
325 379 447 -1 -1
325 379 474 -1 -1
362 401 471 -1 -1
325 379 511 -1 -1
325 380 474 -1 -1
362 402 420 -1 -1
362 402 471 -1 -1
362 402 510 -1 -1
325 380 511 -1 -1
325 384 399 -1 -1
407 408 446 -1 -1
407 409 473 -1 -1
362 416 480 -1 -1
362 418 466 -1 -1
362 418 502 -1 -1
362 420 480 -1 -1
362 420 487 -1 -1
362 420 488 -1 -1
362 420 508 -1 -1
362 421 444 -1 -1
362 421 480 -1 -1
407 416 436 -1 -1
362 424 471 -1 -1
325 391 409 -1 -1
362 431 510 -1 -1
362 435 444 -1 -1
362 435 451 -1 -1
362 435 465 -1 -1
362 435 508 -1 -1
362 435 509 -1 -1
362 436 458 -1 -1
362 436 475 -1 -1
325 408 473 -1 -1
325 409 448 -1 -1
362 445 466 -1 -1
362 445 502 -1 -1
362 445 503 -1 -1
292 296 325 -1 -1
292 296 406 -1 -1
292 296 464 -1 -1
292 296 465 -1 -1
292 296 493 -1 -1
292 296 508 -1 -1
362 451 473 -1 -1
362 456 473 -1 -1
362 456 508 -1 -1
362 456 509 -1 -1
292 297 436 -1 -1
362 459 471 -1 -1
362 461 507 -1 -1
362 464 509 -1 -1
362 471 496 -1 -1
362 471 498 -1 -1
362 471 506 -1 -1
362 472 510 -1 -1
362 473 480 -1 -1
292 299 371 -1 -1
292 299 406 -1 -1
292 299 409 -1 -1
362 476 507 -1 -1
362 487 510 -1 -1
362 488 510 -1 -1
362 492 508 -1 -1
362 493 508 -1 -1
362 493 509 -1 -1
362 496 507 -1 -1
408 409 474 -1 -1
325 433 472 -1 -1
363 370 411 -1 -1
408 418 437 -1 -1
408 418 446 -1 -1
292 305 438 -1 -1
292 305 444 -1 -1
292 306 408 -1 -1
292 306 476 -1 -1
325 443 472 -1 -1
408 437 502 -1 -1
408 438 446 -1 -1
363 377 409 -1 -1
363 380 439 -1 -1
408 446 464 -1 -1
408 446 496 -1 -1
408 446 502 -1 -1
363 392 447 -1 -1
363 392 511 -1 -1
363 396 409 -1 -1
363 401 447 -1 -1
363 401 511 -1 -1
363 402 408 -1 -1
363 409 433 -1 -1
363 409 440 -1 -1
363 409 506 -1 -1
292 323 412 -1 -1
292 324 334 -1 -1
292 324 456 -1 -1
292 324 492 -1 -1
292 324 493 -1 -1
409 437 506 -1 -1
409 438 446 -1 -1
409 446 451 -1 -1
409 446 472 -1 -1
409 447 448 -1 -1
409 448 511 -1 -1
292 327 397 -1 -1
292 327 456 -1 -1
292 327 482 -1 -1
292 327 493 -1 -1
292 327 506 -1 -1
292 328 402 -1 -1
292 329 330 -1 -1
292 329 347 -1 -1
292 329 482 -1 -1
292 330 404 -1 -1
363 429 447 -1 -1
363 429 511 -1 -1
409 471 473 -1 -1
363 436 473 -1 -1
363 436 510 -1 -1
409 473 508 -1 -1
363 439 447 -1 -1
363 439 511 -1 -1
363 444 474 -1 -1
363 447 448 -1 -1
363 447 465 -1 -1
363 447 466 -1 -1
363 448 511 -1 -1
363 456 474 -1 -1
363 465 511 -1 -1
363 466 511 -1 -1
292 332 406 -1 -1
292 332 421 -1 -1
292 338 412 -1 -1
292 342 359 -1 -1
292 342 424 -1 -1
292 342 461 -1 -1
364 365 419 -1 -1
364 365 440 -1 -1
364 366 393 -1 -1
364 366 396 -1 -1
364 366 431 -1 -1
364 366 458 -1 -1
364 366 459 -1 -1
364 366 460 -1 -1
364 366 476 -1 -1
364 366 496 -1 -1
364 366 497 -1 -1
364 366 506 -1 -1
364 367 401 -1 -1
364 367 438 -1 -1
364 367 441 -1 -1
364 368 405 -1 -1
364 369 397 -1 -1
292 342 497 -1 -1
292 343 510 -1 -1
364 369 406 -1 -1
364 369 451 -1 -1
364 369 492 -1 -1
364 369 493 -1 -1
364 370 408 -1 -1
292 356 359 -1 -1
292 356 508 -1 -1
292 359 416 -1 -1
292 360 403 -1 -1
364 379 447 -1 -1
292 362 448 -1 -1
292 364 377 -1 -1
292 364 396 -1 -1
292 364 398 -1 -1
292 364 403 -1 -1
292 364 451 -1 -1
292 365 402 -1 -1
292 365 446 -1 -1
292 369 397 -1 -1
292 369 433 -1 -1
292 369 451 -1 -1
364 389 482 -1 -1
364 390 401 -1 -1
364 391 406 -1 -1
364 391 460 -1 -1
364 391 477 -1 -1
364 391 498 -1 -1
292 377 414 -1 -1
364 393 397 -1 -1
364 393 440 -1 -1
292 377 503 -1 -1
364 396 397 -1 -1
364 396 424 -1 -1
364 396 460 -1 -1
364 396 461 -1 -1
364 396 497 -1 -1
364 396 498 -1 -1
364 396 507 -1 -1
364 397 431 -1 -1
364 397 433 -1 -1
364 397 459 -1 -1
364 397 476 -1 -1
364 397 487 -1 -1
364 397 488 -1 -1
364 397 496 -1 -1
364 402 431 -1 -1
364 402 487 -1 -1
364 402 488 -1 -1
292 384 386 -1 -1
364 405 479 -1 -1
364 406 431 -1 -1
364 406 472 -1 -1
364 406 506 -1 -1
292 391 435 -1 -1
292 391 502 -1 -1
292 391 503 -1 -1
292 393 401 -1 -1
292 393 428 -1 -1
292 393 460 -1 -1
292 393 488 -1 -1
292 393 497 -1 -1
292 393 502 -1 -1
292 396 428 -1 -1
292 396 451 -1 -1
292 396 502 -1 -1
292 396 508 -1 -1
292 397 403 -1 -1
292 397 416 -1 -1
292 397 502 -1 -1
292 397 506 -1 -1
292 397 507 -1 -1
292 397 508 -1 -1
292 399 448 -1 -1
292 400 437 -1 -1
364 416 472 -1 -1
292 401 424 -1 -1
364 424 431 -1 -1
364 424 456 -1 -1
364 424 464 -1 -1
364 424 465 -1 -1
364 424 472 -1 -1
364 424 493 -1 -1
364 424 506 -1 -1
327 328 507 -1 -1
327 329 446 -1 -1
292 402 451 -1 -1
292 403 416 -1 -1
292 403 431 -1 -1
292 403 439 -1 -1
292 403 440 -1 -1
292 403 508 -1 -1
292 404 478 -1 -1
364 431 459 -1 -1
364 431 461 -1 -1
364 431 496 -1 -1
364 433 507 -1 -1
327 334 416 -1 -1
327 334 418 -1 -1
327 334 458 -1 -1
327 334 480 -1 -1
327 334 492 -1 -1
327 334 508 -1 -1
292 416 428 -1 -1
364 448 460 -1 -1
364 448 476 -1 -1
292 416 456 -1 -1
364 448 497 -1 -1
292 416 472 -1 -1
292 416 502 -1 -1
364 456 460 -1 -1
364 456 461 -1 -1
364 456 476 -1 -1
364 456 477 -1 -1
364 456 497 -1 -1
364 456 498 -1 -1
292 420 428 -1 -1
292 420 458 -1 -1
364 460 472 -1 -1
292 420 487 -1 -1
364 460 493 -1 -1
292 420 488 -1 -1
364 460 506 -1 -1
292 420 496 -1 -1
364 461 464 -1 -1
292 420 502 -1 -1
364 461 472 -1 -1
292 421 428 -1 -1
364 461 493 -1 -1
364 461 506 -1 -1
292 421 487 -1 -1
292 421 488 -1 -1
364 464 498 -1 -1
292 421 496 -1 -1
292 421 502 -1 -1
364 465 498 -1 -1
364 472 476 -1 -1
364 472 497 -1 -1
364 475 480 -1 -1
364 476 493 -1 -1
364 477 492 -1 -1
364 477 493 -1 -1
292 424 498 -1 -1
292 428 458 -1 -1
292 428 464 -1 -1
292 428 492 -1 -1
292 428 506 -1 -1
292 428 507 -1 -1
292 428 509 -1 -1
292 431 433 -1 -1
292 431 439 -1 -1
292 431 461 -1 -1
292 433 438 -1 -1
292 433 443 -1 -1
292 433 475 -1 -1
292 433 498 -1 -1
292 437 447 -1 -1
292 437 511 -1 -1
292 438 498 -1 -1
292 439 507 -1 -1
292 440 482 -1 -1
364 493 497 -1 -1
364 493 498 -1 -1
364 497 506 -1 -1
364 498 506 -1 -1
365 366 397 -1 -1
365 367 401 -1 -1
365 367 444 -1 -1
365 367 458 -1 -1
365 367 459 -1 -1
365 367 460 -1 -1
365 367 487 -1 -1
365 367 488 -1 -1
365 367 496 -1 -1
365 367 497 -1 -1
327 343 473 -1 -1
292 443 448 -1 -1
292 443 506 -1 -1
292 446 476 -1 -1
292 451 456 -1 -1
292 451 493 -1 -1
292 456 506 -1 -1
292 456 508 -1 -1
292 458 487 -1 -1
292 458 488 -1 -1
292 458 496 -1 -1
292 458 502 -1 -1
292 459 487 -1 -1
292 459 488 -1 -1
292 460 488 -1 -1
292 461 498 -1 -1
292 464 502 -1 -1
292 464 503 -1 -1
292 471 482 -1 -1
327 343 510 -1 -1
365 390 420 -1 -1
365 390 459 -1 -1
365 390 492 -1 -1
365 390 509 -1 -1
292 472 508 -1 -1
292 475 498 -1 -1
292 478 483 -1 -1
292 487 492 -1 -1
292 487 497 -1 -1
292 487 507 -1 -1
292 488 492 -1 -1
292 488 497 -1 -1
292 488 507 -1 -1
292 488 509 -1 -1
292 492 496 -1 -1
292 492 506 -1 -1
292 493 506 -1 -1
292 493 508 -1 -1
292 496 509 -1 -1
292 502 506 -1 -1
292 506 509 -1 -1
365 396 476 -1 -1
365 402 475 -1 -1
327 356 419 -1 -1
327 356 440 -1 -1
327 357 359 -1 -1
327 357 391 -1 -1
327 357 431 -1 -1
327 357 458 -1 -1
327 357 465 -1 -1
327 357 487 -1 -1
327 357 492 -1 -1
327 357 506 -1 -1
365 408 437 -1 -1
327 359 508 -1 -1
327 360 424 -1 -1
327 360 433 -1 -1
327 360 475 -1 -1
327 360 476 -1 -1
327 360 508 -1 -1
327 362 391 -1 -1
327 362 393 -1 -1
327 362 424 -1 -1
327 363 409 -1 -1
327 365 416 -1 -1
365 419 444 -1 -1
365 419 472 -1 -1
365 424 440 -1 -1
365 433 480 -1 -1
293 308 396 -1 -1
327 365 507 -1 -1
365 440 461 -1 -1
365 440 498 -1 -1
365 443 480 -1 -1
327 377 424 -1 -1
327 377 431 -1 -1
327 377 476 -1 -1
327 384 431 -1 -1
327 384 498 -1 -1
327 384 507 -1 -1
327 391 509 -1 -1
327 393 399 -1 -1
327 393 421 -1 -1
365 477 506 -1 -1
327 396 421 -1 -1
327 396 471 -1 -1
327 396 473 -1 -1
327 398 433 -1 -1
327 398 461 -1 -1
293 323 374 -1 -1
366 367 478 -1 -1
366 369 401 -1 -1
366 369 438 -1 -1
366 369 458 -1 -1
366 369 471 -1 -1
366 369 475 -1 -1
366 369 480 -1 -1
366 369 482 -1 -1
366 369 487 -1 -1
366 369 502 -1 -1
366 369 506 -1 -1
327 402 508 -1 -1
366 373 412 -1 -1
327 408 436 -1 -1
327 416 431 -1 -1
327 420 433 -1 -1
327 421 424 -1 -1
327 421 433 -1 -1
327 421 461 -1 -1
327 421 506 -1 -1
327 433 435 -1 -1
327 433 509 -1 -1
327 435 461 -1 -1
366 391 397 -1 -1
366 391 492 -1 -1
366 391 493 -1 -1
327 440 508 -1 -1
366 393 456 -1 -1
366 393 464 -1 -1
366 393 465 -1 -1
366 393 493 -1 -1
366 396 401 -1 -1
366 396 416 -1 -1
366 396 433 -1 -1
366 396 487 -1 -1
366 396 488 -1 -1
366 397 433 -1 -1
366 397 438 -1 -1
366 397 464 -1 -1
366 397 465 -1 -1
366 397 472 -1 -1
366 397 475 -1 -1
366 397 482 -1 -1
366 397 487 -1 -1
366 397 492 -1 -1
327 451 480 -1 -1
327 459 508 -1 -1
327 461 471 -1 -1
366 401 424 -1 -1
327 464 508 -1 -1
366 401 458 -1 -1
366 401 459 -1 -1
366 401 460 -1 -1
366 401 461 -1 -1
366 401 476 -1 -1
366 401 496 -1 -1
366 401 497 -1 -1
366 401 498 -1 -1
366 402 424 -1 -1
366 402 459 -1 -1
366 402 461 -1 -1
327 471 475 -1 -1
327 471 476 -1 -1
366 402 496 -1 -1
366 402 498 -1 -1
327 471 506 -1 -1
327 471 508 -1 -1
366 403 424 -1 -1
366 403 476 -1 -1
366 403 498 -1 -1
366 403 506 -1 -1
327 474 510 -1 -1
327 497 508 -1 -1
327 506 510 -1 -1
328 329 357 -1 -1
328 329 397 -1 -1
366 409 437 -1 -1
328 329 461 -1 -1
366 416 421 -1 -1
366 420 421 -1 -1
366 421 451 -1 -1
328 335 407 -1 -1
366 424 451 -1 -1
366 424 456 -1 -1
366 429 439 -1 -1
328 335 451 -1 -1
366 431 451 -1 -1
366 433 507 -1 -1
366 438 482 -1 -1
366 438 506 -1 -1
366 439 466 -1 -1
328 340 415 -1 -1
366 444 498 -1 -1
366 444 506 -1 -1
366 451 458 -1 -1
366 451 459 -1 -1
366 451 460 -1 -1
366 451 461 -1 -1
366 451 496 -1 -1
366 451 497 -1 -1
366 451 498 -1 -1
366 456 461 -1 -1
366 456 476 -1 -1
366 456 498 -1 -1
366 458 465 -1 -1
328 342 347 -1 -1
366 461 493 -1 -1
366 465 476 -1 -1
366 475 506 -1 -1
366 476 493 -1 -1
366 482 506 -1 -1
366 487 506 -1 -1
328 352 393 -1 -1
328 352 428 -1 -1
328 352 459 -1 -1
328 352 460 -1 -1
328 352 482 -1 -1
328 352 496 -1 -1
328 352 497 -1 -1
328 352 502 -1 -1
328 352 508 -1 -1
260 261 360 -1 -1
328 359 476 -1 -1
328 363 445 -1 -1
328 364 404 -1 -1
328 364 440 -1 -1
328 365 366 -1 -1
293 387 482 -1 -1
293 387 483 -1 -1
367 390 420 -1 -1
367 390 509 -1 -1
328 366 397 -1 -1
328 366 438 -1 -1
367 393 403 -1 -1
328 367 444 -1 -1
328 367 458 -1 -1
328 367 459 -1 -1
328 367 460 -1 -1
328 367 465 -1 -1
328 367 487 -1 -1
328 367 488 -1 -1
328 367 496 -1 -1
328 367 497 -1 -1
367 396 441 -1 -1
367 397 403 -1 -1
367 397 441 -1 -1
367 401 478 -1 -1
367 403 472 -1 -1
367 403 492 -1 -1
328 390 456 -1 -1
328 390 459 -1 -1
328 390 492 -1 -1
328 390 493 -1 -1
328 390 509 -1 -1
328 396 476 -1 -1
328 397 402 -1 -1
367 419 503 -1 -1
328 402 488 -1 -1
328 405 441 -1 -1
328 406 476 -1 -1
367 441 444 -1 -1
367 441 456 -1 -1
367 441 464 -1 -1
367 441 492 -1 -1
367 441 493 -1 -1
367 456 482 -1 -1
328 419 444 -1 -1
328 419 472 -1 -1
367 482 492 -1 -1
367 482 493 -1 -1
328 428 439 -1 -1
328 433 476 -1 -1
328 439 448 -1 -1
328 439 502 -1 -1
329 332 476 -1 -1
329 332 507 -1 -1
368 397 442 -1 -1
368 405 438 -1 -1
368 405 446 -1 -1
368 405 475 -1 -1
368 405 480 -1 -1
329 343 380 -1 -1
329 347 352 -1 -1
368 438 479 -1 -1
368 442 451 -1 -1
329 357 461 -1 -1
329 359 391 -1 -1
329 359 451 -1 -1
329 362 420 -1 -1
329 362 421 -1 -1
329 362 473 -1 -1
329 362 509 -1 -1
329 364 451 -1 -1
329 364 464 -1 -1
329 365 424 -1 -1
329 365 460 -1 -1
329 365 461 -1 -1
329 365 477 -1 -1
329 366 482 -1 -1
329 369 456 -1 -1
329 369 464 -1 -1
329 369 471 -1 -1
329 369 493 -1 -1
329 371 408 -1 -1
329 372 409 -1 -1
369 373 416 -1 -1
329 377 416 -1 -1
369 379 409 -1 -1
329 379 445 -1 -1
369 384 435 -1 -1
369 389 404 -1 -1
369 391 402 -1 -1
369 391 429 -1 -1
369 391 446 -1 -1
369 392 402 -1 -1
369 392 503 -1 -1
369 393 397 -1 -1
369 393 431 -1 -1
369 393 464 -1 -1
369 393 471 -1 -1
369 393 493 -1 -1
369 396 451 -1 -1
329 391 451 -1 -1
329 391 456 -1 -1
329 392 428 -1 -1
329 392 502 -1 -1
329 392 503 -1 -1
329 393 402 -1 -1
329 393 451 -1 -1
329 393 456 -1 -1
329 393 492 -1 -1
329 396 397 -1 -1
329 396 401 -1 -1
329 397 401 -1 -1
329 397 438 -1 -1
329 397 461 -1 -1
329 397 475 -1 -1
329 397 482 -1 -1
329 399 420 -1 -1
329 399 421 -1 -1
329 399 473 -1 -1
329 399 509 -1 -1
329 401 403 -1 -1
369 396 508 -1 -1
369 397 401 -1 -1
369 397 475 -1 -1
369 397 477 -1 -1
369 397 480 -1 -1
369 397 488 -1 -1
369 397 502 -1 -1
369 397 507 -1 -1
369 397 509 -1 -1
369 398 458 -1 -1
369 398 459 -1 -1
369 398 460 -1 -1
369 398 492 -1 -1
369 398 496 -1 -1
369 398 497 -1 -1
369 400 437 -1 -1
369 401 406 -1 -1
369 401 456 -1 -1
369 401 492 -1 -1
369 401 493 -1 -1
369 401 509 -1 -1
369 402 429 -1 -1
369 402 439 -1 -1
369 402 451 -1 -1
369 402 466 -1 -1
369 403 404 -1 -1
369 404 483 -1 -1
329 401 424 -1 -1
329 401 459 -1 -1
329 402 459 -1 -1
329 402 488 -1 -1
329 403 506 -1 -1
329 409 446 -1 -1
369 416 424 -1 -1
369 416 428 -1 -1
329 420 451 -1 -1
369 416 460 -1 -1
369 416 461 -1 -1
369 416 497 -1 -1
369 416 498 -1 -1
369 420 451 -1 -1
369 421 451 -1 -1
369 421 472 -1 -1
369 424 451 -1 -1
369 424 508 -1 -1
369 428 435 -1 -1
369 428 458 -1 -1
369 428 459 -1 -1
369 428 460 -1 -1
369 428 487 -1 -1
369 428 488 -1 -1
369 428 496 -1 -1
369 428 497 -1 -1
369 428 509 -1 -1
369 429 443 -1 -1
369 431 451 -1 -1
369 431 464 -1 -1
369 431 508 -1 -1
369 433 451 -1 -1
329 428 429 -1 -1
329 428 466 -1 -1
329 431 506 -1 -1
329 435 472 -1 -1
329 439 448 -1 -1
329 441 477 -1 -1
329 443 465 -1 -1
369 433 502 -1 -1
369 433 508 -1 -1
369 433 509 -1 -1
369 435 460 -1 -1
369 435 476 -1 -1
369 435 488 -1 -1
369 435 497 -1 -1
369 435 502 -1 -1
369 438 440 -1 -1
369 438 471 -1 -1
369 438 507 -1 -1
369 440 460 -1 -1
369 440 497 -1 -1
369 440 507 -1 -1
329 443 503 -1 -1
329 444 459 -1 -1
329 444 488 -1 -1
329 444 497 -1 -1
329 451 460 -1 -1
329 451 488 -1 -1
329 451 496 -1 -1
329 456 458 -1 -1
329 456 459 -1 -1
329 456 460 -1 -1
329 456 464 -1 -1
329 456 497 -1 -1
329 458 465 -1 -1
329 458 472 -1 -1
329 458 492 -1 -1
329 458 493 -1 -1
329 459 465 -1 -1
329 459 472 -1 -1
329 459 492 -1 -1
329 459 493 -1 -1
329 460 472 -1 -1
329 461 475 -1 -1
329 461 482 -1 -1
329 464 493 -1 -1
329 465 487 -1 -1
329 465 488 -1 -1
329 465 496 -1 -1
329 466 502 -1 -1
329 466 503 -1 -1
369 451 458 -1 -1
369 451 461 -1 -1
369 451 498 -1 -1
369 451 502 -1 -1
369 451 507 -1 -1
369 456 459 -1 -1
369 456 460 -1 -1
369 456 477 -1 -1
369 456 496 -1 -1
369 456 497 -1 -1
369 458 508 -1 -1
369 459 464 -1 -1
369 459 493 -1 -1
369 459 508 -1 -1
369 460 493 -1 -1
369 461 508 -1 -1
369 464 471 -1 -1
369 464 477 -1 -1
369 471 472 -1 -1
369 471 475 -1 -1
369 471 480 -1 -1
369 471 487 -1 -1
369 471 488 -1 -1
369 471 506 -1 -1
369 471 507 -1 -1
369 476 508 -1 -1
329 472 492 -1 -1
329 472 497 -1 -1
329 487 492 -1 -1
329 487 493 -1 -1
329 492 497 -1 -1
329 493 497 -1 -1
369 492 493 -1 -1
369 493 496 -1 -1
369 493 497 -1 -1
369 498 508 -1 -1
369 502 509 -1 -1
330 332 367 -1 -1
295 296 404 -1 -1
370 406 408 -1 -1
370 408 431 -1 -1
370 408 440 -1 -1
370 408 456 -1 -1
370 408 476 -1 -1
370 408 506 -1 -1
330 357 404 -1 -1
330 367 369 -1 -1
330 367 506 -1 -1
330 368 389 -1 -1
330 368 483 -1 -1
261 275 347 -1 -1
261 276 334 -1 -1
330 393 404 -1 -1
330 404 444 -1 -1
330 404 458 -1 -1
330 404 492 -1 -1
371 408 480 -1 -1
330 405 478 -1 -1
295 330 384 -1 -1
228 237 355 -1 -1
330 419 476 -1 -1
295 356 403 -1 -1
295 368 478 -1 -1
295 369 482 -1 -1
372 396 409 -1 -1
331 357 442 -1 -1
228 261 306 -1 -1
372 409 444 -1 -1
372 409 456 -1 -1
372 409 464 -1 -1
372 409 465 -1 -1
372 409 492 -1 -1
372 409 493 -1 -1
295 403 419 -1 -1
331 369 405 -1 -1
373 389 412 -1 -1
331 393 479 -1 -1
296 298 437 -1 -1
331 401 442 -1 -1
373 397 411 -1 -1
373 402 411 -1 -1
373 411 458 -1 -1
373 411 464 -1 -1
373 411 472 -1 -1
373 411 492 -1 -1
296 306 451 -1 -1
331 441 478 -1 -1
331 472 479 -1 -1
331 475 479 -1 -1
331 477 479 -1 -1
331 478 482 -1 -1
331 478 483 -1 -1
331 479 480 -1 -1
331 479 487 -1 -1
332 334 365 -1 -1
332 334 391 -1 -1
332 334 435 -1 -1
332 334 438 -1 -1
332 334 487 -1 -1
332 334 488 -1 -1
332 334 496 -1 -1
332 335 343 -1 -1
296 324 360 -1 -1
296 324 393 -1 -1
296 324 402 -1 -1
332 342 343 -1 -1
296 324 443 -1 -1
296 324 458 -1 -1
296 324 460 -1 -1
296 324 502 -1 -1
332 342 446 -1 -1
296 325 366 -1 -1
296 325 396 -1 -1
296 325 397 -1 -1
296 325 477 -1 -1
296 327 451 -1 -1
296 329 451 -1 -1
296 329 493 -1 -1
296 329 506 -1 -1
296 333 393 -1 -1
296 333 397 -1 -1
296 333 472 -1 -1
296 333 487 -1 -1
296 333 488 -1 -1
296 334 473 -1 -1
332 357 359 -1 -1
332 357 476 -1 -1
332 359 364 -1 -1
332 359 393 -1 -1
332 359 431 -1 -1
332 359 458 -1 -1
332 359 460 -1 -1
332 359 487 -1 -1
332 359 492 -1 -1
332 359 497 -1 -1
332 360 384 -1 -1
332 360 416 -1 -1
332 360 428 -1 -1
332 360 477 -1 -1
332 360 502 -1 -1
332 364 416 -1 -1
332 364 456 -1 -1
332 364 472 -1 -1
332 364 493 -1 -1
332 364 507 -1 -1
332 364 508 -1 -1
332 366 475 -1 -1
332 366 480 -1 -1
332 367 441 -1 -1
374 391 411 -1 -1
332 369 451 -1 -1
332 369 477 -1 -1
296 342 443 -1 -1
296 342 502 -1 -1
296 342 503 -1 -1
374 411 429 -1 -1
374 411 439 -1 -1
374 411 464 -1 -1
374 411 465 -1 -1
374 411 466 -1 -1
332 384 444 -1 -1
296 356 367 -1 -1
296 356 483 -1 -1
296 357 366 -1 -1
296 357 370 -1 -1
296 357 428 -1 -1
296 359 364 -1 -1
296 359 401 -1 -1
296 359 407 -1 -1
296 359 451 -1 -1
296 360 364 -1 -1
332 393 396 -1 -1
332 393 476 -1 -1
332 393 506 -1 -1
296 360 475 -1 -1
332 393 507 -1 -1
296 360 477 -1 -1
296 360 487 -1 -1
332 396 406 -1 -1
296 360 492 -1 -1
332 396 424 -1 -1
332 396 431 -1 -1
332 396 459 -1 -1
332 396 461 -1 -1
332 396 471 -1 -1
332 396 496 -1 -1
296 362 444 -1 -1
332 396 498 -1 -1
332 397 431 -1 -1
296 362 510 -1 -1
332 397 460 -1 -1
332 397 476 -1 -1
296 363 409 -1 -1
332 397 487 -1 -1
332 397 488 -1 -1
332 397 496 -1 -1
332 397 497 -1 -1
332 397 502 -1 -1
332 397 509 -1 -1
296 364 431 -1 -1
332 401 407 -1 -1
332 401 477 -1 -1
296 366 424 -1 -1
296 366 461 -1 -1
296 366 476 -1 -1
296 366 498 -1 -1
332 406 424 -1 -1
332 406 433 -1 -1
332 406 461 -1 -1
332 406 480 -1 -1
332 406 498 -1 -1
296 370 393 -1 -1
296 370 431 -1 -1
296 370 459 -1 -1
296 370 476 -1 -1
296 370 487 -1 -1
296 370 488 -1 -1
296 370 496 -1 -1
296 370 508 -1 -1
296 372 409 -1 -1
296 377 405 -1 -1
296 379 392 -1 -1
296 379 466 -1 -1
296 379 502 -1 -1
332 416 424 -1 -1
332 416 438 -1 -1
332 416 476 -1 -1
332 416 480 -1 -1
332 416 498 -1 -1
332 418 476 -1 -1
332 424 456 -1 -1
332 424 471 -1 -1
332 424 472 -1 -1
332 424 493 -1 -1
332 424 508 -1 -1
332 428 438 -1 -1
332 428 460 -1 -1
332 428 507 -1 -1
332 431 433 -1 -1
332 431 459 -1 -1
332 431 461 -1 -1
332 431 496 -1 -1
332 431 497 -1 -1
332 433 435 -1 -1
332 433 471 -1 -1
332 438 456 -1 -1
332 438 472 -1 -1
332 438 493 -1 -1
332 439 448 -1 -1
332 439 503 -1 -1
332 440 451 -1 -1
332 440 508 -1 -1
332 443 446 -1 -1
296 391 392 -1 -1
296 391 418 -1 -1
296 391 439 -1 -1
296 391 446 -1 -1
296 393 398 -1 -1
296 393 406 -1 -1
296 393 416 -1 -1
296 393 456 -1 -1
296 393 493 -1 -1
296 393 508 -1 -1
296 396 438 -1 -1
296 396 440 -1 -1
296 396 451 -1 -1
296 396 507 -1 -1
296 397 471 -1 -1
296 397 507 -1 -1
296 398 438 -1 -1
296 398 475 -1 -1
296 398 480 -1 -1
296 398 487 -1 -1
296 398 488 -1 -1
296 398 502 -1 -1
296 399 444 -1 -1
296 399 510 -1 -1
375 397 412 -1 -1
332 451 459 -1 -1
332 451 477 -1 -1
332 451 487 -1 -1
332 451 488 -1 -1
332 451 496 -1 -1
332 451 497 -1 -1
332 456 475 -1 -1
332 456 480 -1 -1
332 456 498 -1 -1
332 459 476 -1 -1
332 459 507 -1 -1
332 460 476 -1 -1
332 460 506 -1 -1
332 461 471 -1 -1
332 461 507 -1 -1
332 471 476 -1 -1
332 471 480 -1 -1
332 471 498 -1 -1
332 472 498 -1 -1
296 401 471 -1 -1
296 401 507 -1 -1
296 402 464 -1 -1
296 402 465 -1 -1
296 406 416 -1 -1
296 406 438 -1 -1
296 406 458 -1 -1
296 406 475 -1 -1
296 406 487 -1 -1
296 407 487 -1 -1
296 408 437 -1 -1
296 408 446 -1 -1
332 476 488 -1 -1
332 476 496 -1 -1
332 476 497 -1 -1
332 477 508 -1 -1
332 480 493 -1 -1
332 480 508 -1 -1
332 487 506 -1 -1
332 488 506 -1 -1
332 493 498 -1 -1
332 496 507 -1 -1
332 497 506 -1 -1
332 497 507 -1 -1
332 498 508 -1 -1
332 506 508 -1 -1
375 412 458 -1 -1
375 412 459 -1 -1
375 412 492 -1 -1
375 412 496 -1 -1
375 412 502 -1 -1
296 416 431 -1 -1
296 416 487 -1 -1
296 416 506 -1 -1
296 418 448 -1 -1
296 420 472 -1 -1
296 420 473 -1 -1
296 424 451 -1 -1
296 428 431 -1 -1
296 428 487 -1 -1
296 428 492 -1 -1
296 428 506 -1 -1
296 431 456 -1 -1
296 431 493 -1 -1
296 431 508 -1 -1
296 433 440 -1 -1
296 433 445 -1 -1
296 433 451 -1 -1
296 435 475 -1 -1
296 435 480 -1 -1
296 438 493 -1 -1
296 438 507 -1 -1
296 439 451 -1 -1
296 440 475 -1 -1
296 440 480 -1 -1
296 440 482 -1 -1
296 440 507 -1 -1
296 443 451 -1 -1
296 443 465 -1 -1
296 443 471 -1 -1
296 446 464 -1 -1
296 446 465 -1 -1
296 451 459 -1 -1
296 451 460 -1 -1
296 451 461 -1 -1
296 451 496 -1 -1
296 451 497 -1 -1
296 451 498 -1 -1
296 456 487 -1 -1
296 456 492 -1 -1
296 456 506 -1 -1
296 458 471 -1 -1
296 459 471 -1 -1
296 460 471 -1 -1
296 461 477 -1 -1
333 357 408 -1 -1
296 471 496 -1 -1
296 471 497 -1 -1
296 476 508 -1 -1
296 477 508 -1 -1
296 487 493 -1 -1
296 487 508 -1 -1
296 492 493 -1 -1
296 492 508 -1 -1
296 493 506 -1 -1
296 506 508 -1 -1
297 298 472 -1 -1
229 232 451 -1 -1
297 312 341 -1 -1
333 393 408 -1 -1
333 408 433 -1 -1
333 408 480 -1 -1
333 408 488 -1 -1
333 408 502 -1 -1
333 408 506 -1 -1
297 325 328 -1 -1
297 325 360 -1 -1
297 325 365 -1 -1
297 325 466 -1 -1
297 327 366 -1 -1
297 327 398 -1 -1
297 327 464 -1 -1
297 327 477 -1 -1
297 327 492 -1 -1
297 327 493 -1 -1
297 328 435 -1 -1
297 329 343 -1 -1
377 384 456 -1 -1
377 384 465 -1 -1
377 384 476 -1 -1
377 384 492 -1 -1
377 384 493 -1 -1
297 332 365 -1 -1
297 332 431 -1 -1
297 332 460 -1 -1
297 332 464 -1 -1
297 332 477 -1 -1
297 332 487 -1 -1
297 332 492 -1 -1
297 332 497 -1 -1
297 332 509 -1 -1
377 389 508 -1 -1
297 333 429 -1 -1
297 333 443 -1 -1
297 333 446 -1 -1
297 333 466 -1 -1
377 392 420 -1 -1
297 334 416 -1 -1
297 334 471 -1 -1
377 392 508 -1 -1
297 334 507 -1 -1
297 335 437 -1 -1
334 335 379 -1 -1
297 342 379 -1 -1
297 343 366 -1 -1
297 343 433 -1 -1
297 343 447 -1 -1
377 409 447 -1 -1
297 343 477 -1 -1
297 343 488 -1 -1
377 409 511 -1 -1
377 416 418 -1 -1
377 416 424 -1 -1
377 416 439 -1 -1
377 416 480 -1 -1
377 416 498 -1 -1
377 418 420 -1 -1
377 418 507 -1 -1
377 418 508 -1 -1
377 421 451 -1 -1
377 421 503 -1 -1
334 342 379 -1 -1
334 342 400 -1 -1
334 342 474 -1 -1
377 424 507 -1 -1
334 342 511 -1 -1
334 343 360 -1 -1
334 343 438 -1 -1
377 435 444 -1 -1
377 437 473 -1 -1
377 437 510 -1 -1
377 439 451 -1 -1
377 439 507 -1 -1
377 439 508 -1 -1
377 440 451 -1 -1
297 356 389 -1 -1
377 446 477 -1 -1
229 267 341 -1 -1
229 268 328 -1 -1
229 269 347 -1 -1
377 451 465 -1 -1
377 451 487 -1 -1
377 451 488 -1 -1
377 471 480 -1 -1
377 480 507 -1 -1
297 360 418 -1 -1
297 362 437 -1 -1
297 362 446 -1 -1
297 365 369 -1 -1
297 366 436 -1 -1
297 366 448 -1 -1
377 498 507 -1 -1
377 502 508 -1 -1
334 357 421 -1 -1
334 362 437 -1 -1
334 363 379 -1 -1
378 393 414 -1 -1
262 407 422 -1 -1
378 398 414 -1 -1
334 363 472 -1 -1
334 369 473 -1 -1
378 414 435 -1 -1
378 414 447 -1 -1
378 414 448 -1 -1
378 414 487 -1 -1
378 414 488 -1 -1
297 370 377 -1 -1
297 370 472 -1 -1
297 379 437 -1 -1
297 380 445 -1 -1
229 284 400 -1 -1
334 377 393 -1 -1
262 422 437 -1 -1
334 377 459 -1 -1
334 377 472 -1 -1
334 377 487 -1 -1
334 377 488 -1 -1
334 377 497 -1 -1
334 379 400 -1 -1
334 379 437 -1 -1
334 379 474 -1 -1
334 380 381 -1 -1
297 390 478 -1 -1
334 380 466 -1 -1
334 380 503 -1 -1
297 396 436 -1 -1
297 399 407 -1 -1
379 380 446 -1 -1
379 380 480 -1 -1
297 402 436 -1 -1
334 391 436 -1 -1
334 393 444 -1 -1
229 295 299 -1 -1
379 391 444 -1 -1
379 393 444 -1 -1
379 396 437 -1 -1
379 396 506 -1 -1
379 397 440 -1 -1
379 397 461 -1 -1
379 397 480 -1 -1
297 414 415 -1 -1
229 296 384 -1 -1
229 296 503 -1 -1
379 400 471 -1 -1
229 297 405 -1 -1
379 400 498 -1 -1
379 400 506 -1 -1
379 400 507 -1 -1
334 398 418 -1 -1
334 398 436 -1 -1
334 398 473 -1 -1
334 398 508 -1 -1
334 398 510 -1 -1
334 399 437 -1 -1
334 400 472 -1 -1
334 401 420 -1 -1
334 402 436 -1 -1
334 402 473 -1 -1
263 265 440 -1 -1
379 401 447 -1 -1
379 402 445 -1 -1
379 402 447 -1 -1
379 402 511 -1 -1
297 424 473 -1 -1
297 428 444 -1 -1
229 300 374 -1 -1
297 436 440 -1 -1
297 436 477 -1 -1
334 406 474 -1 -1
334 408 418 -1 -1
334 416 435 -1 -1
379 416 445 -1 -1
379 416 474 -1 -1
334 416 444 -1 -1
334 418 420 -1 -1
334 418 421 -1 -1
334 418 435 -1 -1
334 418 509 -1 -1
334 420 431 -1 -1
334 420 459 -1 -1
334 420 492 -1 -1
334 420 509 -1 -1
334 421 431 -1 -1
334 421 439 -1 -1
334 421 444 -1 -1
334 421 460 -1 -1
334 421 488 -1 -1
334 421 509 -1 -1
334 424 448 -1 -1
297 460 473 -1 -1
229 305 347 -1 -1
229 305 384 -1 -1
229 306 347 -1 -1
297 473 498 -1 -1
379 431 445 -1 -1
379 433 506 -1 -1
379 437 471 -1 -1
379 437 507 -1 -1
379 444 460 -1 -1
379 444 464 -1 -1
379 444 465 -1 -1
334 435 473 -1 -1
298 299 333 -1 -1
334 435 508 -1 -1
334 435 510 -1 -1
334 436 477 -1 -1
298 299 421 -1 -1
334 436 509 -1 -1
298 299 458 -1 -1
298 299 465 -1 -1
298 299 472 -1 -1
298 299 487 -1 -1
298 299 488 -1 -1
298 299 496 -1 -1
379 444 477 -1 -1
379 444 488 -1 -1
379 444 492 -1 -1
379 444 497 -1 -1
334 444 445 -1 -1
334 444 458 -1 -1
379 445 472 -1 -1
334 444 480 -1 -1
379 447 507 -1 -1
379 456 474 -1 -1
379 471 511 -1 -1
379 472 475 -1 -1
379 472 480 -1 -1
379 472 488 -1 -1
379 473 510 -1 -1
379 474 493 -1 -1
379 474 508 -1 -1
334 473 477 -1 -1
334 473 509 -1 -1
379 507 511 -1 -1
298 305 477 -1 -1
298 306 343 -1 -1
298 306 357 -1 -1
298 306 396 -1 -1
298 306 433 -1 -1
298 306 447 -1 -1
298 306 458 -1 -1
298 306 464 -1 -1
298 306 472 -1 -1
298 306 487 -1 -1
298 306 507 -1 -1
263 288 333 -1 -1
263 288 370 -1 -1
334 508 509 -1 -1
334 508 510 -1 -1
229 327 365 -1 -1
229 327 442 -1 -1
229 328 471 -1 -1
229 328 508 -1 -1
335 343 418 -1 -1
229 329 405 -1 -1
229 330 441 -1 -1
229 334 364 -1 -1
298 325 398 -1 -1
298 325 418 -1 -1
298 325 435 -1 -1
298 325 464 -1 -1
298 325 488 -1 -1
380 437 439 -1 -1
380 439 511 -1 -1
298 329 511 -1 -1
298 333 342 -1 -1
298 333 379 -1 -1
229 342 389 -1 -1
335 357 448 -1 -1
298 336 409 -1 -1
335 360 370 -1 -1
335 360 392 -1 -1
335 360 407 -1 -1
335 360 429 -1 -1
335 365 451 -1 -1
381 384 399 -1 -1
381 384 443 -1 -1
381 384 451 -1 -1
298 342 475 -1 -1
298 342 508 -1 -1
335 370 436 -1 -1
335 370 510 -1 -1
335 371 444 -1 -1
229 364 392 -1 -1
229 365 429 -1 -1
229 365 443 -1 -1
229 368 384 -1 -1
229 368 471 -1 -1
229 369 479 -1 -1
229 384 397 -1 -1
229 389 479 -1 -1
335 391 407 -1 -1
229 400 409 -1 -1
298 359 409 -1 -1
229 401 472 -1 -1
229 402 442 -1 -1
298 363 370 -1 -1
229 405 424 -1 -1
335 398 443 -1 -1
229 405 461 -1 -1
229 405 480 -1 -1
229 405 498 -1 -1
298 370 447 -1 -1
298 370 511 -1 -1
298 371 407 -1 -1
298 372 397 -1 -1
298 372 431 -1 -1
298 372 488 -1 -1
263 336 471 -1 -1
229 409 474 -1 -1
335 401 407 -1 -1
335 407 421 -1 -1
229 418 475 -1 -1
335 407 458 -1 -1
335 407 459 -1 -1
335 407 477 -1 -1
335 407 488 -1 -1
335 407 496 -1 -1
335 407 497 -1 -1
335 408 510 -1 -1
298 384 408 -1 -1
335 416 451 -1 -1
298 393 437 -1 -1
298 393 447 -1 -1
298 393 511 -1 -1
298 396 409 -1 -1
298 397 437 -1 -1
335 429 471 -1 -1
229 443 472 -1 -1
229 444 475 -1 -1
335 436 448 -1 -1
298 400 440 -1 -1
298 400 443 -1 -1
298 400 477 -1 -1
298 401 409 -1 -1
298 402 474 -1 -1
335 444 510 -1 -1
298 409 428 -1 -1
298 409 456 -1 -1
298 409 502 -1 -1
298 409 506 -1 -1
335 448 509 -1 -1
335 451 507 -1 -1
263 363 407 -1 -1
263 364 377 -1 -1
298 428 446 -1 -1
336 337 359 -1 -1
336 337 362 -1 -1
336 337 399 -1 -1
298 436 471 -1 -1
298 437 456 -1 -1
298 437 492 -1 -1
336 338 419 -1 -1
298 437 493 -1 -1
298 437 506 -1 -1
298 438 446 -1 -1
298 446 451 -1 -1
298 446 475 -1 -1
263 373 471 -1 -1
263 376 378 -1 -1
263 377 391 -1 -1
263 377 456 -1 -1
263 377 465 -1 -1
298 477 511 -1 -1
336 347 412 -1 -1
230 250 269 -1 -1
230 250 473 -1 -1
263 400 407 -1 -1
336 369 416 -1 -1
263 407 447 -1 -1
299 329 409 -1 -1
299 333 372 -1 -1
299 333 402 -1 -1
299 333 448 -1 -1
230 263 297 -1 -1
230 263 511 -1 -1
299 336 363 -1 -1
299 336 409 -1 -1
264 268 323 -1 -1
336 411 472 -1 -1
336 411 492 -1 -1
299 342 424 -1 -1
299 342 480 -1 -1
230 273 297 -1 -1
230 273 418 -1 -1
299 357 409 -1 -1
299 360 380 -1 -1
299 363 379 -1 -1
299 363 402 -1 -1
299 364 371 -1 -1
264 283 365 -1 -1
264 283 405 -1 -1
264 283 479 -1 -1
299 371 396 -1 -1
299 371 401 -1 -1
299 371 420 -1 -1
299 371 433 -1 -1
299 371 443 -1 -1
299 371 459 -1 -1
299 371 496 -1 -1
299 371 506 -1 -1
299 379 437 -1 -1
299 379 511 -1 -1
299 380 440 -1 -1
299 384 398 -1 -1
337 359 373 -1 -1
337 362 373 -1 -1
337 363 372 -1 -1
299 393 409 -1 -1
230 303 332 -1 -1
230 303 379 -1 -1
299 397 474 -1 -1
264 297 323 -1 -1
299 400 461 -1 -1
299 400 477 -1 -1
299 400 498 -1 -1
337 371 400 -1 -1
337 371 437 -1 -1
299 402 474 -1 -1
337 371 474 -1 -1
337 373 399 -1 -1
337 373 421 -1 -1
337 374 419 -1 -1
299 408 508 -1 -1
299 409 420 -1 -1
299 409 421 -1 -1
299 409 428 -1 -1
299 409 443 -1 -1
299 409 458 -1 -1
299 409 459 -1 -1
299 409 460 -1 -1
299 409 488 -1 -1
299 409 496 -1 -1
299 409 497 -1 -1
299 437 464 -1 -1
337 390 415 -1 -1
299 439 447 -1 -1
299 439 511 -1 -1
300 301 322 -1 -1
264 322 329 -1 -1
264 322 352 -1 -1
264 322 439 -1 -1
264 322 446 -1 -1
230 340 342 -1 -1
264 322 458 -1 -1
264 322 464 -1 -1
264 323 329 -1 -1
264 323 334 -1 -1
264 323 444 -1 -1
300 312 339 -1 -1
264 352 372 -1 -1
300 336 343 -1 -1
300 336 461 -1 -1
300 336 498 -1 -1
300 343 373 -1 -1
338 366 375 -1 -1
197 236 260 -1 -1
230 376 436 -1 -1
230 376 473 -1 -1
338 375 438 -1 -1
300 363 372 -1 -1
300 367 374 -1 -1
300 373 424 -1 -1
338 412 419 -1 -1
231 232 284 -1 -1
231 232 343 -1 -1
231 232 362 -1 -1
231 232 451 -1 -1
231 238 400 -1 -1
231 238 474 -1 -1
231 238 511 -1 -1
265 273 479 -1 -1
265 283 301 -1 -1
301 322 334 -1 -1
301 322 360 -1 -1
301 322 366 -1 -1
265 298 335 -1 -1
301 323 402 -1 -1
265 302 444 -1 -1
301 332 375 -1 -1
231 268 298 -1 -1
301 336 390 -1 -1
231 268 369 -1 -1
231 268 433 -1 -1
301 352 372 -1 -1
231 281 282 -1 -1
231 281 319 -1 -1
265 331 335 -1 -1
231 284 327 -1 -1
265 331 397 -1 -1
301 375 377 -1 -1
301 375 391 -1 -1
301 375 421 -1 -1
301 375 464 -1 -1
301 375 465 -1 -1
231 295 384 -1 -1
340 376 414 -1 -1
231 295 400 -1 -1
231 297 474 -1 -1
301 375 506 -1 -1
231 298 363 -1 -1
231 299 416 -1 -1
231 299 444 -1 -1
231 299 498 -1 -1
231 299 508 -1 -1
265 362 368 -1 -1
265 362 405 -1 -1
231 306 451 -1 -1
265 368 399 -1 -1
301 412 421 -1 -1
301 412 444 -1 -1
265 378 415 -1 -1
231 324 400 -1 -1
265 399 405 -1 -1
265 405 421 -1 -1
265 405 472 -1 -1
231 327 447 -1 -1
231 327 511 -1 -1
231 333 398 -1 -1
265 421 442 -1 -1
231 336 337 -1 -1
231 342 366 -1 -1
231 342 391 -1 -1
231 342 440 -1 -1
231 362 389 -1 -1
231 362 398 -1 -1
231 362 399 -1 -1
231 362 409 -1 -1
231 362 435 -1 -1
231 362 509 -1 -1
231 363 401 -1 -1
231 363 476 -1 -1
231 364 474 -1 -1
231 369 446 -1 -1
231 379 446 -1 -1
231 379 475 -1 -1
231 381 387 -1 -1
231 392 437 -1 -1
231 396 437 -1 -1
231 399 435 -1 -1
231 399 509 -1 -1
231 400 402 -1 -1
231 400 421 -1 -1
231 400 458 -1 -1
231 400 459 -1 -1
231 400 460 -1 -1
231 400 487 -1 -1
231 400 488 -1 -1
231 400 496 -1 -1
231 400 497 -1 -1
231 401 437 -1 -1
342 343 360 -1 -1
342 343 447 -1 -1
342 343 459 -1 -1
342 343 460 -1 -1
342 343 487 -1 -1
342 343 496 -1 -1
342 343 497 -1 -1
342 343 502 -1 -1
266 304 330 -1 -1
231 431 447 -1 -1
231 431 474 -1 -1
231 431 511 -1 -1
231 433 437 -1 -1
342 347 365 -1 -1
266 304 482 -1 -1
266 304 483 -1 -1
231 447 456 -1 -1
231 447 471 -1 -1
231 447 493 -1 -1
231 447 506 -1 -1
231 456 472 -1 -1
231 456 474 -1 -1
231 456 511 -1 -1
342 356 389 -1 -1
342 357 392 -1 -1
342 357 503 -1 -1
231 471 474 -1 -1
231 471 511 -1 -1
231 472 493 -1 -1
231 472 506 -1 -1
231 472 507 -1 -1
231 493 511 -1 -1
231 506 511 -1 -1
342 360 476 -1 -1
342 363 398 -1 -1
342 365 366 -1 -1
342 365 389 -1 -1
342 366 369 -1 -1
342 369 428 -1 -1
342 380 418 -1 -1
266 328 377 -1 -1
342 390 419 -1 -1
342 391 402 -1 -1
342 392 393 -1 -1
342 392 464 -1 -1
342 392 471 -1 -1
342 392 480 -1 -1
342 392 487 -1 -1
342 392 488 -1 -1
342 392 496 -1 -1
342 393 418 -1 -1
342 393 429 -1 -1
342 396 466 -1 -1
342 401 402 -1 -1
342 402 433 -1 -1
342 402 440 -1 -1
342 402 477 -1 -1
342 416 502 -1 -1
342 418 433 -1 -1
342 418 460 -1 -1
342 418 488 -1 -1
342 418 497 -1 -1
266 341 376 -1 -1
342 428 440 -1 -1
342 428 471 -1 -1
342 429 458 -1 -1
342 429 460 -1 -1
342 429 464 -1 -1
342 429 488 -1 -1
342 429 497 -1 -1
342 431 502 -1 -1
342 431 503 -1 -1
342 433 466 -1 -1
342 444 451 -1 -1
342 444 471 -1 -1
342 458 466 -1 -1
342 458 503 -1 -1
342 459 503 -1 -1
342 460 466 -1 -1
342 464 466 -1 -1
342 464 503 -1 -1
342 466 477 -1 -1
342 466 487 -1 -1
342 466 488 -1 -1
342 466 496 -1 -1
342 466 497 -1 -1
342 475 476 -1 -1
342 476 477 -1 -1
342 480 503 -1 -1
342 493 502 -1 -1
342 496 503 -1 -1
342 502 506 -1 -1
342 502 507 -1 -1
342 503 506 -1 -1
342 503 507 -1 -1
232 267 413 -1 -1
303 337 414 -1 -1
343 359 511 -1 -1
343 362 369 -1 -1
343 363 429 -1 -1
343 363 439 -1 -1
343 363 444 -1 -1
343 363 466 -1 -1
343 369 380 -1 -1
343 369 399 -1 -1
343 372 409 -1 -1
343 379 431 -1 -1
343 379 447 -1 -1
343 379 459 -1 -1
343 379 472 -1 -1
343 379 506 -1 -1
343 380 393 -1 -1
343 380 464 -1 -1
343 380 506 -1 -1
343 384 510 -1 -1
343 396 400 -1 -1
343 396 437 -1 -1
343 397 474 -1 -1
343 397 511 -1 -1
343 400 456 -1 -1
343 400 472 -1 -1
343 400 493 -1 -1
343 401 511 -1 -1
232 292 332 -1 -1
232 292 398 -1 -1
232 292 443 -1 -1
232 292 465 -1 -1
232 292 466 -1 -1
343 420 473 -1 -1
343 420 510 -1 -1
343 421 473 -1 -1
343 428 511 -1 -1
343 437 456 -1 -1
343 437 472 -1 -1
303 390 415 -1 -1
232 296 402 -1 -1
232 296 406 -1 -1
232 296 428 -1 -1
232 296 429 -1 -1
232 296 443 -1 -1
232 296 466 -1 -1
232 296 475 -1 -1
343 437 493 -1 -1
343 440 474 -1 -1
343 440 511 -1 -1
343 444 474 -1 -1
343 451 474 -1 -1
343 451 511 -1 -1
267 268 413 -1 -1
267 268 415 -1 -1
343 472 474 -1 -1
343 472 511 -1 -1
343 473 507 -1 -1
343 473 509 -1 -1
343 493 511 -1 -1
343 509 510 -1 -1
232 305 475 -1 -1
232 324 397 -1 -1
232 324 424 -1 -1
232 324 461 -1 -1
232 325 386 -1 -1
232 325 429 -1 -1
232 327 391 -1 -1
232 327 397 -1 -1
232 327 421 -1 -1
232 327 433 -1 -1
232 327 458 -1 -1
232 327 460 -1 -1
232 327 465 -1 -1
232 327 492 -1 -1
232 328 440 -1 -1
232 328 477 -1 -1
232 329 360 -1 -1
232 329 392 -1 -1
232 329 448 -1 -1
232 332 391 -1 -1
232 332 445 -1 -1
232 332 464 -1 -1
232 332 465 -1 -1
232 332 493 -1 -1
232 332 508 -1 -1
304 332 341 -1 -1
232 344 366 -1 -1
232 344 407 -1 -1
232 344 416 -1 -1
232 348 355 -1 -1
304 341 418 -1 -1
304 341 503 -1 -1
232 357 419 -1 -1
232 357 446 -1 -1
232 359 386 -1 -1
232 359 392 -1 -1
232 359 448 -1 -1
232 360 391 -1 -1
232 360 407 -1 -1
232 360 409 -1 -1
232 360 439 -1 -1
232 360 456 -1 -1
232 365 404 -1 -1
232 366 391 -1 -1
232 369 401 -1 -1
232 369 418 -1 -1
232 369 435 -1 -1
232 377 408 -1 -1
232 377 414 -1 -1
232 381 471 -1 -1
232 381 473 -1 -1
232 386 397 -1 -1
232 390 419 -1 -1
267 325 415 -1 -1
304 369 378 -1 -1
232 391 421 -1 -1
232 391 424 -1 -1
232 391 458 -1 -1
232 391 459 -1 -1
232 391 460 -1 -1
232 391 461 -1 -1
232 391 496 -1 -1
232 391 497 -1 -1
232 392 397 -1 -1
232 393 448 -1 -1
232 393 471 -1 -1
232 396 448 -1 -1
232 396 466 -1 -1
232 397 402 -1 -1
232 397 443 -1 -1
232 402 431 -1 -1
232 402 460 -1 -1
232 402 464 -1 -1
232 402 472 -1 -1
232 402 493 -1 -1
232 406 444 -1 -1
232 407 416 -1 -1
232 408 416 -1 -1
232 409 447 -1 -1
232 409 476 -1 -1
232 409 480 -1 -1
232 409 487 -1 -1
232 409 488 -1 -1
232 416 480 -1 -1
232 418 448 -1 -1
232 420 503 -1 -1
232 421 503 -1 -1
232 424 465 -1 -1
232 428 446 -1 -1
232 431 444 -1 -1
232 431 446 -1 -1
232 431 448 -1 -1
232 433 448 -1 -1
232 438 476 -1 -1
232 439 451 -1 -1
232 443 444 -1 -1
232 443 451 -1 -1
232 443 477 -1 -1
232 444 447 -1 -1
232 444 487 -1 -1
232 444 506 -1 -1
232 446 502 -1 -1
232 446 507 -1 -1
232 448 487 -1 -1
232 448 488 -1 -1
232 451 476 -1 -1
267 357 376 -1 -1
232 458 503 -1 -1
232 459 503 -1 -1
232 460 503 -1 -1
232 461 465 -1 -1
232 464 466 -1 -1
232 465 497 -1 -1
232 466 493 -1 -1
232 471 476 -1 -1
232 471 488 -1 -1
232 475 476 -1 -1
232 492 503 -1 -1
232 496 503 -1 -1
232 497 503 -1 -1
232 498 503 -1 -1
233 235 297 -1 -1
233 235 333 -1 -1
233 235 334 -1 -1
305 306 366 -1 -1
305 306 397 -1 -1
305 306 459 -1 -1
305 306 496 -1 -1
267 376 483 -1 -1
305 306 497 -1 -1
305 306 498 -1 -1
267 384 415 -1 -1
267 397 414 -1 -1
267 414 416 -1 -1
267 414 477 -1 -1
267 414 492 -1 -1
267 415 439 -1 -1
267 415 465 -1 -1
305 325 362 -1 -1
305 325 399 -1 -1
305 327 332 -1 -1
305 327 397 -1 -1
305 327 402 -1 -1
305 327 424 -1 -1
305 327 461 -1 -1
305 327 498 -1 -1
346 383 440 -1 -1
305 333 401 -1 -1
305 333 418 -1 -1
305 333 466 -1 -1
305 334 342 -1 -1
268 269 435 -1 -1
305 343 409 -1 -1
305 357 362 -1 -1
305 357 399 -1 -1
268 278 475 -1 -1
305 360 476 -1 -1
305 362 366 -1 -1
305 362 424 -1 -1
305 362 428 -1 -1
305 364 370 -1 -1
305 366 399 -1 -1
305 370 428 -1 -1
305 370 502 -1 -1
347 352 391 -1 -1
347 352 397 -1 -1
347 352 402 -1 -1
347 352 444 -1 -1
347 352 456 -1 -1
347 352 464 -1 -1
347 352 465 -1 -1
347 352 492 -1 -1
347 352 493 -1 -1
347 362 404 -1 -1
268 296 307 -1 -1
268 296 392 -1 -1
268 296 402 -1 -1
305 392 508 -1 -1
305 397 409 -1 -1
305 399 428 -1 -1
347 373 412 -1 -1
268 298 344 -1 -1
268 298 418 -1 -1
268 298 429 -1 -1
305 401 418 -1 -1
305 406 503 -1 -1
268 305 334 -1 -1
268 305 397 -1 -1
268 305 424 -1 -1
305 418 424 -1 -1
305 418 461 -1 -1
305 418 507 -1 -1
268 305 451 -1 -1
268 305 475 -1 -1
268 305 476 -1 -1
268 305 498 -1 -1
268 305 506 -1 -1
268 306 436 -1 -1
268 307 446 -1 -1
305 438 451 -1 -1
233 304 342 -1 -1
347 390 446 -1 -1
347 399 404 -1 -1
305 451 475 -1 -1
305 466 471 -1 -1
306 312 376 -1 -1
268 324 420 -1 -1
268 324 472 -1 -1
268 327 380 -1 -1
268 327 438 -1 -1
268 327 476 -1 -1
268 328 359 -1 -1
268 328 396 -1 -1
268 328 440 -1 -1
268 328 443 -1 -1
268 328 493 -1 -1
268 328 506 -1 -1
268 329 406 -1 -1
268 332 360 -1 -1
268 332 471 -1 -1
268 333 436 -1 -1
268 333 471 -1 -1
268 333 508 -1 -1
268 334 371 -1 -1
268 338 412 -1 -1
306 324 402 -1 -1
306 324 424 -1 -1
306 324 438 -1 -1
306 324 440 -1 -1
306 324 446 -1 -1
306 324 461 -1 -1
306 324 498 -1 -1
306 327 369 -1 -1
306 329 392 -1 -1
306 329 416 -1 -1
306 329 428 -1 -1
306 329 429 -1 -1
306 329 466 -1 -1
268 344 402 -1 -1
306 332 429 -1 -1
306 332 446 -1 -1
306 332 466 -1 -1
233 341 342 -1 -1
268 347 390 -1 -1
306 335 384 -1 -1
306 338 412 -1 -1
199 311 323 -1 -1
306 342 343 -1 -1
268 357 445 -1 -1
268 359 365 -1 -1
268 359 380 -1 -1
268 359 446 -1 -1
268 359 475 -1 -1
268 359 476 -1 -1
268 360 364 -1 -1
268 360 445 -1 -1
268 360 448 -1 -1
268 360 461 -1 -1
268 360 480 -1 -1
268 362 473 -1 -1
306 344 451 -1 -1
268 364 377 -1 -1
268 364 428 -1 -1
268 364 438 -1 -1
268 364 466 -1 -1
268 365 398 -1 -1
268 365 435 -1 -1
268 365 477 -1 -1
268 366 386 -1 -1
268 369 420 -1 -1
268 369 433 -1 -1
268 369 445 -1 -1
268 369 456 -1 -1
268 369 492 -1 -1
268 369 493 -1 -1
268 370 402 -1 -1
268 370 431 -1 -1
268 370 447 -1 -1
268 370 456 -1 -1
268 370 464 -1 -1
268 370 508 -1 -1
268 372 397 -1 -1
268 372 446 -1 -1
268 377 401 -1 -1
268 377 471 -1 -1
268 377 498 -1 -1
268 377 507 -1 -1
268 377 508 -1 -1
268 380 445 -1 -1
268 381 401 -1 -1
268 381 406 -1 -1
268 381 438 -1 -1
306 366 386 -1 -1
306 366 402 -1 -1
306 366 428 -1 -1
306 366 502 -1 -1
306 369 409 -1 -1
306 369 443 -1 -1
268 386 402 -1 -1
268 386 416 -1 -1
268 386 433 -1 -1
268 391 503 -1 -1
268 392 397 -1 -1
268 397 398 -1 -1
268 397 429 -1 -1
268 397 502 -1 -1
268 397 503 -1 -1
268 398 424 -1 -1
268 398 431 -1 -1
268 398 461 -1 -1
268 398 498 -1 -1
268 398 507 -1 -1
306 377 407 -1 -1
268 399 510 -1 -1
268 401 416 -1 -1
268 401 428 -1 -1
268 401 438 -1 -1
268 401 445 -1 -1
268 401 466 -1 -1
268 401 475 -1 -1
268 402 428 -1 -1
268 402 439 -1 -1
268 402 476 -1 -1
306 381 471 -1 -1
268 406 444 -1 -1
268 406 456 -1 -1
268 406 471 -1 -1
268 406 492 -1 -1
268 406 493 -1 -1
268 406 508 -1 -1
268 407 420 -1 -1
268 407 421 -1 -1
268 407 431 -1 -1
268 407 446 -1 -1
268 407 447 -1 -1
268 407 458 -1 -1
268 407 464 -1 -1
268 407 477 -1 -1
268 407 508 -1 -1
268 407 509 -1 -1
306 386 397 -1 -1
306 386 424 -1 -1
306 386 431 -1 -1
306 386 498 -1 -1
306 389 390 -1 -1
306 391 446 -1 -1
306 392 461 -1 -1
306 392 476 -1 -1
306 393 409 -1 -1
268 416 439 -1 -1
268 416 476 -1 -1
268 418 428 -1 -1
268 418 456 -1 -1
268 418 493 -1 -1
268 418 507 -1 -1
268 424 428 -1 -1
268 424 435 -1 -1
268 424 448 -1 -1
268 428 431 -1 -1
268 428 461 -1 -1
268 428 475 -1 -1
306 396 429 -1 -1
306 396 446 -1 -1
306 396 480 -1 -1
306 397 428 -1 -1
306 397 502 -1 -1
306 402 438 -1 -1
306 402 475 -1 -1
268 431 466 -1 -1
268 433 476 -1 -1
268 435 461 -1 -1
268 435 506 -1 -1
268 435 507 -1 -1
268 439 509 -1 -1
268 440 443 -1 -1
268 440 475 -1 -1
268 445 476 -1 -1
268 445 480 -1 -1
268 445 498 -1 -1
306 406 407 -1 -1
306 406 408 -1 -1
268 448 461 -1 -1
268 448 471 -1 -1
268 448 475 -1 -1
306 406 447 -1 -1
306 406 459 -1 -1
268 448 497 -1 -1
306 406 460 -1 -1
306 406 472 -1 -1
306 406 487 -1 -1
306 406 488 -1 -1
306 406 496 -1 -1
306 406 497 -1 -1
306 407 447 -1 -1
306 407 472 -1 -1
306 407 488 -1 -1
306 407 496 -1 -1
306 407 506 -1 -1
268 456 475 -1 -1
268 456 476 -1 -1
306 408 409 -1 -1
306 409 440 -1 -1
306 409 458 -1 -1
306 409 459 -1 -1
306 409 464 -1 -1
268 466 498 -1 -1
268 471 475 -1 -1
268 475 477 -1 -1
268 475 493 -1 -1
268 475 508 -1 -1
268 476 509 -1 -1
268 502 506 -1 -1
268 502 507 -1 -1
306 416 456 -1 -1
306 416 480 -1 -1
306 416 492 -1 -1
306 416 493 -1 -1
306 420 480 -1 -1
306 421 480 -1 -1
306 424 443 -1 -1
306 429 447 -1 -1
306 429 464 -1 -1
306 429 472 -1 -1
306 429 492 -1 -1
306 433 480 -1 -1
306 439 444 -1 -1
306 439 460 -1 -1
306 439 497 -1 -1
306 440 503 -1 -1
269 276 353 -1 -1
306 443 461 -1 -1
306 443 498 -1 -1
306 444 448 -1 -1
306 444 476 -1 -1
306 445 448 -1 -1
306 446 451 -1 -1
306 446 506 -1 -1
306 447 466 -1 -1
306 447 480 -1 -1
306 458 480 -1 -1
306 459 480 -1 -1
306 464 480 -1 -1
306 466 472 -1 -1
306 466 488 -1 -1
306 480 492 -1 -1
306 480 496 -1 -1
199 412 414 -1 -1
269 292 407 -1 -1
269 292 476 -1 -1
269 296 392 -1 -1
269 296 429 -1 -1
269 296 466 -1 -1
269 297 399 -1 -1
269 304 312 -1 -1
269 305 329 -1 -1
269 305 397 -1 -1
269 305 444 -1 -1
269 307 379 -1 -1
269 324 329 -1 -1
269 324 406 -1 -1
269 324 424 -1 -1
269 324 438 -1 -1
269 324 440 -1 -1
269 324 446 -1 -1
269 324 461 -1 -1
269 324 475 -1 -1
269 324 498 -1 -1
269 327 369 -1 -1
269 329 429 -1 -1
269 329 466 -1 -1
269 332 448 -1 -1
269 332 466 -1 -1
269 344 451 -1 -1
269 344 476 -1 -1
269 356 419 -1 -1
269 359 446 -1 -1
269 364 404 -1 -1
269 366 386 -1 -1
269 366 428 -1 -1
269 366 502 -1 -1
269 369 418 -1 -1
269 372 379 -1 -1
269 381 471 -1 -1
269 381 508 -1 -1
269 384 436 -1 -1
269 386 397 -1 -1
269 386 424 -1 -1
269 386 498 -1 -1
269 389 390 -1 -1
269 391 446 -1 -1
269 392 406 -1 -1
269 392 461 -1 -1
269 392 476 -1 -1
269 393 409 -1 -1
269 396 446 -1 -1
269 396 480 -1 -1
269 397 428 -1 -1
269 397 502 -1 -1
269 401 404 -1 -1
269 402 475 -1 -1
269 402 507 -1 -1
269 406 408 -1 -1
269 407 428 -1 -1
269 407 440 -1 -1
269 407 447 -1 -1
269 407 459 -1 -1
269 407 460 -1 -1
269 407 472 -1 -1
269 407 487 -1 -1
269 407 488 -1 -1
269 407 496 -1 -1
269 407 497 -1 -1
269 407 506 -1 -1
269 409 440 -1 -1
269 409 456 -1 -1
269 409 464 -1 -1
269 409 465 -1 -1
269 409 477 -1 -1
269 409 493 -1 -1
269 416 433 -1 -1
269 416 456 -1 -1
269 416 480 -1 -1
269 416 492 -1 -1
269 416 493 -1 -1
269 420 480 -1 -1
269 421 480 -1 -1
269 424 444 -1 -1
269 429 447 -1 -1
269 429 472 -1 -1
269 429 488 -1 -1
269 431 480 -1 -1
269 433 480 -1 -1
269 439 443 -1 -1
269 443 480 -1 -1
269 444 461 -1 -1
269 444 498 -1 -1
269 446 447 -1 -1
269 446 451 -1 -1
269 446 506 -1 -1
269 447 466 -1 -1
269 447 480 -1 -1
269 458 480 -1 -1
269 459 480 -1 -1
269 466 472 -1 -1
269 466 488 -1 -1
269 472 480 -1 -1
269 476 502 -1 -1
269 477 503 -1 -1
269 480 496 -1 -1
269 493 503 -1 -1
269 503 506 -1 -1
270 272 345 -1 -1
270 274 442 -1 -1
200 274 356 -1 -1
200 274 369 -1 -1
200 274 420 -1 -1
200 276 331 -1 -1
270 306 334 -1 -1
270 308 362 -1 -1
270 308 399 -1 -1
308 381 386 -1 -1
200 310 324 -1 -1
270 345 379 -1 -1
270 345 383 -1 -1
270 384 409 -1 -1
235 312 383 -1 -1
201 202 295 -1 -1
201 202 406 -1 -1
201 202 439 -1 -1
201 202 475 -1 -1
201 202 476 -1 -1
311 312 405 -1 -1
236 265 274 -1 -1
236 267 302 -1 -1
236 267 323 -1 -1
236 267 466 -1 -1
236 274 445 -1 -1
272 309 327 -1 -1
236 304 399 -1 -1
201 339 355 -1 -1
236 341 406 -1 -1
236 341 438 -1 -1
236 341 443 -1 -1
236 341 502 -1 -1
236 341 503 -1 -1
236 370 415 -1 -1
236 415 437 -1 -1
236 415 511 -1 -1
273 277 351 -1 -1
312 415 416 -1 -1
273 305 341 -1 -1
273 336 477 -1 -1
273 341 414 -1 -1
273 341 465 -1 -1
237 296 368 -1 -1
273 368 372 -1 -1
273 368 374 -1 -1
237 330 401 -1 -1
237 330 421 -1 -1
237 330 509 -1 -1
273 415 444 -1 -1
273 415 466 -1 -1
237 340 479 -1 -1
237 348 398 -1 -1
237 348 435 -1 -1
237 348 436 -1 -1
237 348 471 -1 -1
237 352 367 -1 -1
237 364 376 -1 -1
274 283 393 -1 -1
274 283 396 -1 -1
274 283 420 -1 -1
274 283 431 -1 -1
274 283 433 -1 -1
274 283 435 -1 -1
274 283 459 -1 -1
274 283 464 -1 -1
274 283 496 -1 -1
274 283 506 -1 -1
274 283 508 -1 -1
237 436 441 -1 -1
238 247 283 -1 -1
238 247 367 -1 -1
238 263 349 -1 -1
238 263 390 -1 -1
238 265 474 -1 -1
238 266 436 -1 -1
203 204 240 -1 -1
238 275 479 -1 -1
135 207 387 -1 -1
238 292 362 -1 -1
238 292 407 -1 -1
238 293 387 -1 -1
238 297 365 -1 -1
238 299 328 -1 -1
238 299 365 -1 -1
238 299 451 -1 -1
238 299 472 -1 -1
238 300 366 -1 -1
238 315 474 -1 -1
238 320 419 -1 -1
238 323 338 -1 -1
238 325 474 -1 -1
238 327 413 -1 -1
238 328 332 -1 -1
238 328 397 -1 -1
238 328 420 -1 -1
238 328 472 -1 -1
238 328 493 -1 -1
238 332 365 -1 -1
238 333 472 -1 -1
238 342 389 -1 -1
238 359 365 -1 -1
238 364 482 -1 -1
238 365 397 -1 -1
238 365 492 -1 -1
238 365 493 -1 -1
238 367 381 -1 -1
238 367 433 -1 -1
238 367 439 -1 -1
238 367 443 -1 -1
238 367 447 -1 -1
238 367 458 -1 -1
238 367 487 -1 -1
238 367 492 -1 -1
238 372 414 -1 -1
238 372 443 -1 -1
238 372 444 -1 -1
238 372 502 -1 -1
238 381 413 -1 -1
238 390 409 -1 -1
238 391 413 -1 -1
238 392 413 -1 -1
238 401 404 -1 -1
238 403 406 -1 -1
238 403 407 -1 -1
238 403 444 -1 -1
238 403 476 -1 -1
238 403 480 -1 -1
238 404 416 -1 -1
238 404 447 -1 -1
238 404 487 -1 -1
238 404 488 -1 -1
238 407 482 -1 -1
238 413 419 -1 -1
238 413 429 -1 -1
238 413 466 -1 -1
238 429 482 -1 -1
238 429 483 -1 -1
238 444 482 -1 -1
238 466 482 -1 -1
238 466 483 -1 -1
238 480 482 -1 -1
276 302 350 -1 -1
276 306 354 -1 -1
276 335 353 -1 -1
276 335 354 -1 -1
276 340 350 -1 -1
276 353 398 -1 -1
276 353 436 -1 -1
276 355 366 -1 -1
239 300 313 -1 -1
239 313 411 -1 -1
136 137 389 -1 -1
136 137 413 -1 -1
204 214 345 -1 -1
204 225 296 -1 -1
204 225 340 -1 -1
204 267 447 -1 -1
240 269 351 -1 -1
204 300 341 -1 -1
204 330 438 -1 -1
204 331 397 -1 -1
204 331 416 -1 -1
204 331 461 -1 -1
204 331 476 -1 -1
204 331 498 -1 -1
204 336 479 -1 -1
278 299 424 -1 -1
278 299 431 -1 -1
278 299 461 -1 -1
278 305 478 -1 -1
278 306 352 -1 -1
204 364 478 -1 -1
170 265 437 -1 -1
204 405 443 -1 -1
278 324 478 -1 -1
278 325 371 -1 -1
278 327 478 -1 -1
278 328 461 -1 -1
278 330 335 -1 -1
278 330 360 -1 -1
278 330 456 -1 -1
278 330 464 -1 -1
278 330 465 -1 -1
278 330 493 -1 -1
278 335 441 -1 -1
204 442 502 -1 -1
278 342 356 -1 -1
278 347 408 -1 -1
204 479 480 -1 -1
278 352 445 -1 -1
278 365 461 -1 -1
278 365 475 -1 -1
278 365 482 -1 -1
278 380 428 -1 -1
278 380 429 -1 -1
278 380 475 -1 -1
278 393 403 -1 -1
278 393 482 -1 -1
278 403 416 -1 -1
278 403 424 -1 -1
278 403 448 -1 -1
278 403 460 -1 -1
278 403 476 -1 -1
278 403 497 -1 -1
278 403 498 -1 -1
278 418 419 -1 -1
278 440 441 -1 -1
278 441 477 -1 -1
278 441 492 -1 -1
278 441 493 -1 -1
278 461 482 -1 -1
278 461 483 -1 -1
278 475 483 -1 -1
278 483 506 -1 -1
205 241 357 -1 -1
281 282 474 -1 -1
281 319 325 -1 -1
282 319 397 -1 -1
207 230 474 -1 -1
207 237 281 -1 -1
207 244 402 -1 -1
244 282 333 -1 -1
244 282 371 -1 -1
207 281 389 -1 -1
283 299 405 -1 -1
283 301 372 -1 -1
283 301 444 -1 -1
207 296 301 -1 -1
172 273 352 -1 -1
207 301 352 -1 -1
207 301 482 -1 -1
283 331 337 -1 -1
244 319 446 -1 -1
283 338 393 -1 -1
283 338 448 -1 -1
283 338 487 -1 -1
283 338 506 -1 -1
283 338 507 -1 -1
172 301 377 -1 -1
207 338 359 -1 -1
207 368 412 -1 -1
172 337 378 -1 -1
172 338 377 -1 -1
284 292 298 -1 -1
284 297 406 -1 -1
284 298 324 -1 -1
284 298 371 -1 -1
284 299 446 -1 -1
284 310 436 -1 -1
284 322 344 -1 -1
284 324 325 -1 -1
284 324 363 -1 -1
284 325 508 -1 -1
284 332 445 -1 -1
284 334 342 -1 -1
284 334 472 -1 -1
284 342 408 -1 -1
284 342 447 -1 -1
284 342 511 -1 -1
284 343 439 -1 -1
284 343 503 -1 -1
284 360 363 -1 -1
284 360 380 -1 -1
284 363 392 -1 -1
284 370 416 -1 -1
284 380 416 -1 -1
284 391 408 -1 -1
284 391 474 -1 -1
284 392 511 -1 -1
284 408 458 -1 -1
284 408 459 -1 -1
284 408 464 -1 -1
284 408 465 -1 -1
284 408 496 -1 -1
284 408 506 -1 -1
284 409 476 -1 -1
284 409 493 -1 -1
284 409 508 -1 -1
284 418 474 -1 -1
173 211 302 -1 -1
284 439 474 -1 -1
284 445 509 -1 -1
284 464 474 -1 -1
284 465 474 -1 -1
246 263 327 -1 -1
173 300 302 -1 -1
173 323 413 -1 -1
246 299 404 -1 -1
139 176 263 -1 -1
246 330 338 -1 -1
173 375 413 -1 -1
105 179 369 -1 -1
105 179 421 -1 -1
209 268 301 -1 -1
209 301 379 -1 -1
287 351 384 -1 -1
209 338 397 -1 -1
209 338 439 -1 -1
247 310 442 -1 -1
247 310 479 -1 -1
210 248 335 -1 -1
210 248 343 -1 -1
210 248 409 -1 -1
210 265 330 -1 -1
210 278 347 -1 -1
210 339 341 -1 -1
210 341 478 -1 -1
210 347 418 -1 -1
210 377 478 -1 -1
210 404 415 -1 -1
106 217 319 -1 -1
250 267 332 -1 -1
250 320 377 -1 -1
250 377 418 -1 -1
213 229 270 -1 -1
177 214 381 -1 -1
214 243 299 -1 -1
253 338 359 -1 -1
253 338 369 -1 -1
253 338 396 -1 -1
253 338 433 -1 -1
253 338 458 -1 -1
253 338 459 -1 -1
253 338 475 -1 -1
253 338 482 -1 -1
253 338 487 -1 -1
253 338 506 -1 -1
253 412 483 -1 -1
144 201 390 -1 -1
180 217 405 -1 -1
145 192 342 -1 -1
145 192 359 -1 -1
145 192 396 -1 -1
145 192 424 -1 -1
145 192 433 -1 -1
145 192 461 -1 -1
145 192 497 -1 -1
145 192 498 -1 -1
