360 -1 -1 -1 -1
388 -1 -1 -1 -1
391 -1 -1 -1 -1
416 -1 -1 -1 -1
455 -1 -1 -1 -1
457 -1 -1 -1 -1
458 -1 -1 -1 -1
459 -1 -1 -1 -1
464 -1 -1 -1 -1
467 -1 -1 -1 -1
480 -1 -1 -1 -1
484 -1 -1 -1 -1
485 -1 -1 -1 -1
487 -1 -1 -1 -1
489 -1 -1 -1 -1
490 -1 -1 -1 -1
491 -1 -1 -1 -1
492 -1 -1 -1 -1
494 -1 -1 -1 -1
495 -1 -1 -1 -1
496 -1 -1 -1 -1
497 -1 -1 -1 -1
499 -1 -1 -1 -1
504 -1 -1 -1 -1
493 501 -1 -1 -1
493 507 -1 -1 -1
493 509 -1 -1 -1
501 502 -1 -1 -1
322 323 -1 -1 -1
322 443 -1 -1 -1
322 448 -1 -1 -1
421 425 -1 -1 -1
421 434 -1 -1 -1
421 462 -1 -1 -1
421 463 -1 -1 -1
423 461 -1 -1 -1
324 450 -1 -1 -1
423 498 -1 -1 -1
424 461 -1 -1 -1
424 498 -1 -1 -1
425 426 -1 -1 -1
425 463 -1 -1 -1
425 500 -1 -1 -1
426 462 -1 -1 -1
426 463 -1 -1 -1
426 500 -1 -1 -1
427 502 -1 -1 -1
428 503 -1 -1 -1
429 438 -1 -1 -1
429 466 -1 -1 -1
429 475 -1 -1 -1
429 502 -1 -1 -1
327 430 -1 -1 -1
327 431 -1 -1 -1
430 448 -1 -1 -1
430 452 -1 -1 -1
430 465 -1 -1 -1
327 468 -1 -1 -1
430 488 -1 -1 -1
448 488 -1 -1 -1
431 452 -1 -1 -1
448 502 -1 -1 -1
431 468 -1 -1 -1
431 505 -1 -1 -1
432 456 -1 -1 -1
432 469 -1 -1 -1
432 493 -1 -1 -1
432 506 -1 -1 -1
432 507 -1 -1 -1
432 509 -1 -1 -1
433 470 -1 -1 -1
357 453 -1 -1 -1
452 468 -1 -1 -1
435 509 -1 -1 -1
456 493 -1 -1 -1
456 501 -1 -1 -1
456 507 -1 -1 -1
456 509 -1 -1 -1
460 461 -1 -1 -1
359 396 -1 -1 -1
460 498 -1 -1 -1
359 397 -1 -1 -1
461 470 -1 -1 -1
461 471 -1 -1 -1
461 498 -1 -1 -1
440 453 -1 -1 -1
462 463 -1 -1 -1
462 500 -1 -1 -1
359 508 -1 -1 -1
361 362 -1 -1 -1
463 500 -1 -1 -1
465 488 -1 -1 -1
465 502 -1 -1 -1
466 475 -1 -1 -1
468 505 -1 -1 -1
471 476 -1 -1 -1
471 508 -1 -1 -1
363 437 -1 -1 -1
476 508 -1 -1 -1
364 428 -1 -1 -1
364 452 -1 -1 -1
364 488 -1 -1 -1
364 502 -1 -1 -1
364 507 -1 -1 -1
392 428 -1 -1 -1
393 448 -1 -1 -1
393 452 -1 -1 -1
393 488 -1 -1 -1
394 431 -1 -1 -1
394 468 -1 -1 -1
395 396 -1 -1 -1
396 427 -1 -1 -1
396 433 -1 -1 -1
396 469 -1 -1 -1
396 488 -1 -1 -1
296 369 -1 -1 -1
296 436 -1 -1 -1
369 400 -1 -1 -1
369 511 -1 -1 -1
372 451 -1 -1 -1
401 502 -1 -1 -1
203 240 -1 -1 -1
264 301 -1 -1 -1
406 461 -1 -1 -1
406 471 -1 -1 -1
406 476 -1 -1 -1
406 508 -1 -1 -1
407 433 -1 -1 -1
407 456 -1 -1 -1
407 493 -1 -1 -1
407 506 -1 -1 -1
305 429 -1 -1 -1
344 444 -1 -1 -1
448 461 476 -1 -1
448 465 475 -1 -1
448 471 498 -1 -1
384 393 510 -1 -1
288 293 325 -1 -1
493 498 508 -1 -1
493 506 508 -1 -1
448 478 483 -1 -1
498 506 509 -1 -1
498 507 508 -1 -1
384 395 426 -1 -1
384 395 463 -1 -1
384 395 472 -1 -1
501 506 508 -1 -1
501 507 509 -1 -1
506 508 509 -1 -1
384 397 473 -1 -1
384 398 432 -1 -1
384 399 427 -1 -1
288 297 302 -1 -1
352 365 503 -1 -1
320 334 404 -1 -1
384 407 436 -1 -1
450 466 498 -1 -1
384 419 441 -1 -1
384 420 432 -1 -1
384 420 440 -1 -1
384 420 461 -1 -1
384 425 472 -1 -1
418 423 444 -1 -1
384 428 435 -1 -1
452 453 463 -1 -1
418 424 427 -1 -1
418 424 444 -1 -1
418 424 501 -1 -1
452 460 476 -1 -1
384 430 510 -1 -1
384 432 436 -1 -1
418 427 461 -1 -1
418 429 432 -1 -1
418 429 477 -1 -1
418 430 451 -1 -1
384 435 488 -1 -1
418 431 451 -1 -1
384 436 456 -1 -1
384 436 493 -1 -1
452 478 482 -1 -1
418 432 466 -1 -1
418 434 444 -1 -1
418 434 503 -1 -1
418 435 477 -1 -1
418 438 503 -1 -1
384 448 510 -1 -1
418 444 460 -1 -1
418 448 471 -1 -1
418 448 477 -1 -1
384 461 510 -1 -1
384 462 472 -1 -1
384 463 472 -1 -1
418 461 501 -1 -1
288 330 370 -1 -1
418 465 477 -1 -1
384 488 510 -1 -1
418 471 501 -1 -1
456 460 476 -1 -1
456 461 508 -1 -1
418 477 501 -1 -1
456 469 470 -1 -1
456 470 498 -1 -1
418 498 501 -1 -1
456 471 498 -1 -1
456 498 508 -1 -1
456 506 508 -1 -1
460 476 493 -1 -1
460 476 501 -1 -1
460 500 508 -1 -1
461 469 507 -1 -1
461 476 509 -1 -1
419 433 483 -1 -1
461 493 508 -1 -1
461 506 509 -1 -1
463 469 509 -1 -1
463 470 471 -1 -1
463 470 508 -1 -1
463 482 483 -1 -1
465 471 506 -1 -1
465 475 503 -1 -1
466 470 502 -1 -1
420 434 443 -1 -1
469 470 476 -1 -1
469 470 493 -1 -1
469 498 508 -1 -1
470 493 498 -1 -1
470 500 508 -1 -1
471 493 498 -1 -1
386 387 396 -1 -1
386 387 397 -1 -1
386 387 424 -1 -1
472 473 511 -1 -1
386 387 461 -1 -1
386 387 476 -1 -1
386 387 498 -1 -1
421 423 424 -1 -1
472 500 509 -1 -1
421 424 460 -1 -1
421 424 465 -1 -1
421 424 470 -1 -1
421 426 430 -1 -1
421 426 432 -1 -1
421 431 453 -1 -1
421 432 500 -1 -1
421 433 443 -1 -1
421 433 509 -1 -1
476 477 498 -1 -1
476 498 507 -1 -1
476 506 507 -1 -1
476 506 509 -1 -1
421 443 476 -1 -1
478 482 500 -1 -1
478 483 488 -1 -1
478 483 501 -1 -1
421 453 468 -1 -1
421 456 500 -1 -1
421 461 477 -1 -1
421 469 509 -1 -1
421 470 508 -1 -1
421 472 509 -1 -1
421 478 482 -1 -1
421 493 500 -1 -1
421 500 502 -1 -1
423 424 426 -1 -1
423 424 463 -1 -1
423 424 500 -1 -1
423 427 443 -1 -1
423 427 476 -1 -1
423 430 445 -1 -1
423 431 445 -1 -1
423 432 465 -1 -1
423 432 501 -1 -1
423 443 466 -1 -1
423 443 488 -1 -1
423 456 476 -1 -1
423 476 493 -1 -1
423 476 501 -1 -1
423 500 508 -1 -1
424 426 460 -1 -1
424 426 470 -1 -1
424 426 471 -1 -1
424 431 445 -1 -1
424 444 503 -1 -1
424 460 463 -1 -1
424 460 500 -1 -1
424 476 507 -1 -1
425 445 476 -1 -1
426 433 443 -1 -1
426 434 443 -1 -1
426 469 509 -1 -1
426 472 509 -1 -1
426 477 502 -1 -1
426 478 482 -1 -1
427 428 430 -1 -1
427 428 448 -1 -1
427 428 465 -1 -1
427 428 488 -1 -1
427 429 503 -1 -1
427 432 488 -1 -1
427 434 506 -1 -1
427 438 466 -1 -1
427 438 503 -1 -1
427 443 460 -1 -1
427 443 465 -1 -1
427 443 470 -1 -1
427 445 450 -1 -1
427 445 476 -1 -1
427 448 475 -1 -1
427 456 488 -1 -1
427 460 476 -1 -1
322 325 446 -1 -1
322 327 411 -1 -1
427 476 498 -1 -1
427 488 493 -1 -1
428 429 432 -1 -1
428 429 456 -1 -1
428 429 493 -1 -1
428 432 465 -1 -1
428 438 502 -1 -1
390 394 483 -1 -1
428 444 445 -1 -1
428 448 456 -1 -1
428 448 493 -1 -1
428 448 506 -1 -1
428 456 465 -1 -1
428 465 493 -1 -1
428 466 502 -1 -1
390 403 419 -1 -1
428 475 488 -1 -1
428 475 502 -1 -1
428 477 500 -1 -1
429 432 444 -1 -1
429 432 503 -1 -1
390 414 429 -1 -1
390 414 438 -1 -1
390 414 443 -1 -1
390 414 475 -1 -1
429 446 511 -1 -1
429 456 503 -1 -1
429 493 503 -1 -1
429 501 503 -1 -1
429 503 507 -1 -1
429 503 509 -1 -1
430 433 434 -1 -1
430 433 507 -1 -1
430 434 461 -1 -1
430 434 498 -1 -1
430 438 466 -1 -1
430 443 470 -1 -1
430 445 460 -1 -1
430 446 474 -1 -1
322 359 364 -1 -1
322 363 381 -1 -1
322 364 396 -1 -1
430 478 483 -1 -1
322 364 500 -1 -1
356 362 453 -1 -1
431 434 445 -1 -1
431 440 482 -1 -1
431 445 460 -1 -1
392 396 401 -1 -1
322 377 401 -1 -1
322 377 408 -1 -1
432 434 461 -1 -1
432 434 498 -1 -1
432 434 508 -1 -1
392 409 451 -1 -1
432 440 445 -1 -1
432 444 466 -1 -1
432 460 465 -1 -1
432 460 501 -1 -1
392 418 423 -1 -1
392 418 424 -1 -1
392 418 460 -1 -1
392 418 461 -1 -1
432 470 488 -1 -1
432 471 498 -1 -1
322 393 466 -1 -1
432 488 501 -1 -1
392 424 444 -1 -1
432 498 508 -1 -1
433 434 469 -1 -1
322 396 444 -1 -1
433 434 488 -1 -1
322 396 465 -1 -1
322 396 501 -1 -1
392 429 501 -1 -1
392 431 503 -1 -1
433 443 500 -1 -1
433 443 509 -1 -1
433 448 456 -1 -1
433 448 493 -1 -1
433 448 507 -1 -1
322 404 483 -1 -1
392 438 465 -1 -1
322 406 506 -1 -1
433 465 507 -1 -1
392 444 470 -1 -1
433 473 511 -1 -1
433 488 507 -1 -1
434 435 471 -1 -1
434 435 508 -1 -1
322 418 426 -1 -1
322 418 500 -1 -1
392 465 475 -1 -1
322 421 444 -1 -1
392 468 503 -1 -1
434 443 500 -1 -1
434 443 507 -1 -1
322 423 429 -1 -1
322 423 466 -1 -1
434 445 468 -1 -1
434 445 505 -1 -1
322 425 444 -1 -1
434 448 461 -1 -1
322 426 444 -1 -1
322 426 469 -1 -1
434 448 498 -1 -1
434 448 507 -1 -1
322 426 476 -1 -1
434 452 476 -1 -1
356 436 447 -1 -1
322 429 488 -1 -1
434 452 505 -1 -1
393 394 430 -1 -1
393 395 432 -1 -1
434 465 476 -1 -1
393 396 509 -1 -1
322 432 503 -1 -1
434 465 506 -1 -1
393 397 461 -1 -1
393 397 506 -1 -1
434 471 472 -1 -1
434 471 488 -1 -1
434 472 508 -1 -1
393 400 446 -1 -1
434 476 488 -1 -1
434 476 507 -1 -1
393 401 466 -1 -1
434 478 483 -1 -1
434 488 498 -1 -1
434 488 508 -1 -1
393 404 482 -1 -1
322 444 462 -1 -1
322 444 463 -1 -1
435 436 437 -1 -1
393 407 409 -1 -1
322 444 500 -1 -1
393 409 509 -1 -1
393 411 429 -1 -1
322 451 505 -1 -1
322 460 465 -1 -1
322 469 500 -1 -1
357 359 403 -1 -1
357 359 452 -1 -1
393 421 426 -1 -1
322 476 500 -1 -1
357 362 451 -1 -1
393 423 445 -1 -1
322 502 503 -1 -1
393 427 428 -1 -1
393 430 431 -1 -1
393 430 468 -1 -1
393 430 505 -1 -1
435 510 511 -1 -1
393 433 434 -1 -1
393 433 507 -1 -1
357 369 372 -1 -1
393 434 498 -1 -1
393 438 466 -1 -1
323 327 395 -1 -1
323 327 423 -1 -1
323 327 424 -1 -1
323 327 460 -1 -1
357 372 418 -1 -1
323 327 477 -1 -1
393 443 470 -1 -1
393 445 460 -1 -1
393 446 474 -1 -1
393 478 483 -1 -1
394 396 452 -1 -1
357 394 408 -1 -1
394 403 424 -1 -1
394 403 498 -1 -1
357 394 421 -1 -1
357 394 500 -1 -1
394 409 432 -1 -1
438 444 456 -1 -1
438 444 493 -1 -1
438 444 507 -1 -1
438 446 511 -1 -1
357 408 440 -1 -1
438 448 465 -1 -1
357 409 421 -1 -1
438 448 501 -1 -1
438 456 503 -1 -1
438 466 470 -1 -1
438 466 488 -1 -1
394 432 452 -1 -1
394 432 505 -1 -1
438 475 476 -1 -1
357 420 505 -1 -1
357 421 505 -1 -1
438 488 502 -1 -1
438 493 503 -1 -1
394 440 482 -1 -1
394 440 500 -1 -1
438 503 507 -1 -1
357 426 505 -1 -1
394 445 471 -1 -1
394 470 505 -1 -1
357 447 472 -1 -1
323 364 450 -1 -1
440 441 483 -1 -1
395 418 444 -1 -1
395 418 503 -1 -1
395 423 448 -1 -1
395 424 448 -1 -1
395 430 432 -1 -1
395 432 498 -1 -1
395 433 434 -1 -1
395 448 460 -1 -1
395 448 498 -1 -1
323 390 444 -1 -1
395 476 507 -1 -1
395 500 509 -1 -1
323 397 441 -1 -1
396 401 428 -1 -1
442 479 508 -1 -1
396 406 498 -1 -1
443 445 505 -1 -1
396 408 409 -1 -1
396 409 477 -1 -1
443 453 505 -1 -1
443 460 466 -1 -1
443 460 488 -1 -1
443 461 477 -1 -1
443 461 500 -1 -1
443 461 509 -1 -1
443 470 488 -1 -1
443 471 507 -1 -1
396 421 477 -1 -1
396 423 443 -1 -1
443 476 477 -1 -1
443 476 500 -1 -1
396 428 438 -1 -1
396 428 465 -1 -1
396 430 509 -1 -1
396 434 448 -1 -1
396 434 476 -1 -1
444 456 475 -1 -1
396 443 460 -1 -1
444 465 475 -1 -1
396 444 466 -1 -1
396 448 471 -1 -1
396 448 476 -1 -1
396 448 508 -1 -1
444 475 493 -1 -1
444 475 507 -1 -1
396 452 505 -1 -1
444 498 503 -1 -1
445 448 453 -1 -1
396 470 498 -1 -1
396 470 506 -1 -1
445 450 507 -1 -1
396 471 498 -1 -1
445 453 469 -1 -1
359 362 392 -1 -1
396 477 482 -1 -1
396 477 498 -1 -1
396 478 483 -1 -1
445 461 505 -1 -1
445 462 476 -1 -1
445 475 476 -1 -1
445 476 477 -1 -1
323 441 471 -1 -1
445 476 488 -1 -1
359 369 407 -1 -1
359 373 389 -1 -1
397 406 435 -1 -1
397 406 488 -1 -1
397 406 501 -1 -1
397 408 448 -1 -1
397 408 476 -1 -1
397 409 431 -1 -1
397 409 477 -1 -1
446 474 498 -1 -1
446 475 511 -1 -1
446 502 511 -1 -1
397 418 429 -1 -1
447 453 511 -1 -1
397 421 509 -1 -1
397 423 426 -1 -1
397 423 463 -1 -1
397 423 500 -1 -1
397 426 460 -1 -1
397 426 470 -1 -1
324 327 402 -1 -1
397 427 433 -1 -1
397 427 471 -1 -1
397 427 498 -1 -1
397 427 506 -1 -1
397 427 508 -1 -1
359 401 407 -1 -1
397 433 456 -1 -1
397 433 493 -1 -1
359 406 428 -1 -1
359 406 456 -1 -1
359 406 470 -1 -1
359 406 493 -1 -1
359 406 506 -1 -1
359 407 423 -1 -1
359 407 425 -1 -1
359 407 430 -1 -1
359 407 450 -1 -1
359 407 462 -1 -1
359 408 463 -1 -1
359 408 471 -1 -1
397 443 469 -1 -1
397 460 463 -1 -1
397 460 500 -1 -1
397 461 488 -1 -1
397 461 509 -1 -1
397 465 471 -1 -1
397 465 498 -1 -1
397 465 508 -1 -1
359 423 448 -1 -1
397 476 501 -1 -1
397 488 506 -1 -1
359 427 434 -1 -1
397 498 509 -1 -1
359 427 471 -1 -1
359 427 507 -1 -1
359 428 448 -1 -1
359 432 448 -1 -1
359 434 456 -1 -1
359 434 476 -1 -1
359 434 493 -1 -1
398 406 434 -1 -1
398 408 418 -1 -1
398 408 461 -1 -1
359 456 471 -1 -1
359 461 509 -1 -1
359 470 471 -1 -1
359 471 493 -1 -1
359 471 509 -1 -1
398 418 498 -1 -1
359 498 509 -1 -1
359 507 509 -1 -1
361 363 436 -1 -1
361 370 400 -1 -1
361 370 408 -1 -1
361 370 511 -1 -1
398 443 508 -1 -1
398 445 476 -1 -1
324 364 408 -1 -1
361 380 509 -1 -1
361 384 427 -1 -1
361 384 456 -1 -1
361 384 493 -1 -1
361 384 502 -1 -1
361 384 507 -1 -1
399 400 435 -1 -1
324 377 421 -1 -1
324 377 509 -1 -1
324 380 381 -1 -1
361 403 445 -1 -1
361 406 434 -1 -1
361 407 425 -1 -1
361 407 426 -1 -1
361 407 432 -1 -1
361 407 462 -1 -1
361 407 463 -1 -1
361 407 470 -1 -1
361 407 500 -1 -1
361 418 476 -1 -1
361 434 508 -1 -1
324 408 427 -1 -1
324 408 448 -1 -1
324 408 465 -1 -1
324 408 501 -1 -1
292 295 361 -1 -1
292 295 407 -1 -1
292 296 298 -1 -1
292 298 400 -1 -1
292 298 447 -1 -1
292 298 511 -1 -1
324 420 438 -1 -1
324 420 475 -1 -1
324 421 438 -1 -1
400 407 408 -1 -1
400 407 511 -1 -1
362 363 384 -1 -1
362 370 509 -1 -1
400 430 446 -1 -1
324 475 509 -1 -1
400 437 461 -1 -1
400 437 498 -1 -1
400 446 488 -1 -1
362 380 399 -1 -1
362 380 436 -1 -1
362 380 510 -1 -1
292 323 348 -1 -1
292 323 349 -1 -1
292 323 430 -1 -1
292 323 488 -1 -1
325 334 436 -1 -1
400 502 511 -1 -1
401 403 451 -1 -1
401 407 432 -1 -1
362 399 427 -1 -1
362 399 456 -1 -1
362 399 493 -1 -1
292 335 482 -1 -1
292 340 456 -1 -1
292 340 493 -1 -1
292 340 508 -1 -1
401 427 448 -1 -1
401 427 503 -1 -1
401 429 452 -1 -1
401 429 488 -1 -1
401 429 509 -1 -1
401 430 466 -1 -1
401 432 444 -1 -1
362 420 472 -1 -1
162 188 339 -1 -1
401 444 461 -1 -1
401 445 476 -1 -1
401 448 501 -1 -1
362 429 510 -1 -1
362 432 436 -1 -1
362 434 473 -1 -1
401 461 466 -1 -1
362 435 456 -1 -1
362 435 493 -1 -1
362 436 456 -1 -1
362 436 493 -1 -1
362 436 501 -1 -1
401 466 470 -1 -1
362 436 507 -1 -1
362 436 509 -1 -1
401 466 498 -1 -1
292 356 498 -1 -1
402 403 475 -1 -1
402 403 503 -1 -1
362 465 510 -1 -1
362 472 477 -1 -1
362 473 477 -1 -1
363 364 400 -1 -1
402 419 505 -1 -1
292 377 407 -1 -1
292 380 419 -1 -1
363 381 393 -1 -1
363 381 396 -1 -1
363 381 428 -1 -1
363 381 470 -1 -1
363 381 488 -1 -1
363 381 502 -1 -1
292 398 478 -1 -1
325 399 447 -1 -1
325 400 510 -1 -1
292 408 475 -1 -1
325 408 448 -1 -1
403 406 468 -1 -1
403 408 453 -1 -1
363 400 428 -1 -1
363 400 432 -1 -1
363 400 456 -1 -1
363 400 461 -1 -1
363 400 493 -1 -1
403 411 450 -1 -1
403 418 451 -1 -1
403 423 431 -1 -1
403 424 468 -1 -1
403 424 505 -1 -1
292 441 445 -1 -1
403 429 451 -1 -1
403 431 460 -1 -1
403 431 498 -1 -1
403 432 445 -1 -1
363 426 447 -1 -1
403 435 445 -1 -1
403 438 439 -1 -1
403 438 451 -1 -1
403 439 475 -1 -1
403 445 456 -1 -1
403 445 471 -1 -1
403 445 493 -1 -1
403 445 501 -1 -1
403 445 507 -1 -1
363 438 446 -1 -1
293 295 472 -1 -1
363 447 500 -1 -1
403 468 498 -1 -1
293 300 395 -1 -1
293 300 423 -1 -1
293 300 460 -1 -1
403 498 505 -1 -1
403 505 507 -1 -1
364 373 445 -1 -1
364 378 413 -1 -1
364 380 392 -1 -1
364 380 448 -1 -1
404 430 482 -1 -1
404 448 482 -1 -1
364 395 397 -1 -1
228 265 386 -1 -1
228 265 396 -1 -1
228 265 397 -1 -1
228 265 424 -1 -1
228 265 450 -1 -1
364 395 470 -1 -1
228 265 461 -1 -1
228 265 476 -1 -1
228 265 498 -1 -1
364 396 423 -1 -1
364 396 432 -1 -1
364 396 460 -1 -1
364 396 476 -1 -1
364 397 434 -1 -1
364 397 469 -1 -1
364 397 476 -1 -1
364 397 498 -1 -1
364 397 506 -1 -1
364 400 437 -1 -1
364 401 432 -1 -1
364 401 456 -1 -1
364 401 461 -1 -1
293 325 362 -1 -1
364 401 493 -1 -1
364 402 407 -1 -1
364 402 448 -1 -1
293 328 384 -1 -1
364 407 503 -1 -1
364 409 429 -1 -1
364 411 448 -1 -1
364 411 501 -1 -1
364 418 470 -1 -1
364 421 477 -1 -1
364 424 443 -1 -1
364 424 476 -1 -1
364 427 439 -1 -1
364 429 448 -1 -1
364 432 470 -1 -1
364 438 470 -1 -1
364 439 466 -1 -1
293 344 366 -1 -1
364 463 477 -1 -1
326 381 486 -1 -1
364 470 509 -1 -1
364 478 483 -1 -1
293 352 411 -1 -1
364 501 503 -1 -1
293 352 450 -1 -1
406 407 448 -1 -1
406 408 427 -1 -1
406 408 452 -1 -1
406 408 460 -1 -1
406 408 470 -1 -1
406 418 444 -1 -1
406 418 456 -1 -1
406 418 493 -1 -1
293 366 418 -1 -1
293 366 438 -1 -1
293 366 475 -1 -1
293 366 476 -1 -1
406 423 426 -1 -1
406 424 426 -1 -1
406 424 463 -1 -1
406 426 460 -1 -1
406 426 470 -1 -1
293 373 420 -1 -1
293 373 426 -1 -1
293 373 509 -1 -1
406 430 433 -1 -1
406 432 498 -1 -1
293 377 413 -1 -1
406 434 456 -1 -1
406 434 472 -1 -1
406 434 477 -1 -1
406 434 493 -1 -1
365 401 403 -1 -1
365 403 428 -1 -1
365 403 429 -1 -1
365 403 475 -1 -1
406 456 498 -1 -1
406 456 506 -1 -1
293 389 401 -1 -1
293 389 429 -1 -1
293 389 502 -1 -1
406 493 498 -1 -1
406 493 506 -1 -1
407 409 430 -1 -1
407 409 505 -1 -1
407 420 500 -1 -1
407 421 477 -1 -1
407 421 500 -1 -1
407 423 476 -1 -1
407 424 469 -1 -1
407 424 476 -1 -1
407 427 501 -1 -1
407 428 465 -1 -1
407 429 503 -1 -1
228 341 450 -1 -1
407 432 450 -1 -1
407 435 477 -1 -1
407 438 465 -1 -1
407 438 469 -1 -1
407 442 479 -1 -1
407 448 477 -1 -1
407 452 505 -1 -1
407 460 476 -1 -1
407 461 469 -1 -1
327 335 440 -1 -1
407 469 470 -1 -1
407 469 475 -1 -1
407 469 476 -1 -1
407 470 476 -1 -1
407 470 500 -1 -1
407 476 498 -1 -1
407 476 507 -1 -1
327 337 407 -1 -1
408 409 423 -1 -1
408 409 424 -1 -1
408 409 434 -1 -1
408 409 460 -1 -1
408 409 461 -1 -1
408 409 498 -1 -1
293 482 503 -1 -1
327 344 440 -1 -1
408 421 473 -1 -1
228 378 402 -1 -1
408 423 435 -1 -1
408 424 435 -1 -1
408 428 451 -1 -1
408 435 460 -1 -1
408 435 461 -1 -1
408 435 476 -1 -1
408 435 498 -1 -1
408 439 441 -1 -1
408 443 448 -1 -1
366 403 431 -1 -1
366 403 468 -1 -1
408 444 466 -1 -1
366 404 470 -1 -1
408 448 456 -1 -1
408 448 493 -1 -1
408 448 507 -1 -1
408 470 506 -1 -1
327 371 392 -1 -1
327 371 503 -1 -1
409 418 444 -1 -1
409 425 431 -1 -1
409 425 468 -1 -1
409 430 434 -1 -1
409 430 470 -1 -1
409 430 509 -1 -1
409 431 432 -1 -1
409 431 448 -1 -1
409 431 462 -1 -1
409 431 465 -1 -1
409 434 468 -1 -1
327 393 423 -1 -1
327 393 460 -1 -1
327 393 465 -1 -1
409 443 453 -1 -1
409 444 450 -1 -1
327 394 448 -1 -1
327 397 403 -1 -1
409 448 468 -1 -1
409 453 463 -1 -1
409 456 477 -1 -1
409 462 468 -1 -1
409 465 468 -1 -1
409 468 470 -1 -1
327 403 424 -1 -1
327 403 448 -1 -1
327 403 461 -1 -1
409 470 505 -1 -1
327 403 498 -1 -1
409 477 493 -1 -1
409 482 483 -1 -1
327 411 428 -1 -1
327 421 453 -1 -1
327 426 453 -1 -1
327 428 429 -1 -1
327 438 445 -1 -1
327 444 502 -1 -1
328 330 406 -1 -1
411 418 451 -1 -1
411 426 445 -1 -1
411 426 451 -1 -1
411 429 430 -1 -1
411 431 466 -1 -1
411 431 502 -1 -1
411 444 476 -1 -1
328 344 411 -1 -1
411 450 461 -1 -1
411 468 502 -1 -1
328 352 395 -1 -1
411 502 505 -1 -1
328 352 469 -1 -1
328 352 501 -1 -1
368 400 479 -1 -1
368 407 442 -1 -1
328 364 409 -1 -1
328 389 394 -1 -1
369 370 398 -1 -1
328 403 427 -1 -1
328 403 452 -1 -1
328 403 470 -1 -1
328 403 507 -1 -1
328 404 450 -1 -1
328 404 451 -1 -1
369 380 407 -1 -1
295 324 340 -1 -1
414 418 482 -1 -1
369 392 444 -1 -1
369 393 437 -1 -1
369 393 474 -1 -1
369 396 406 -1 -1
328 431 476 -1 -1
369 406 448 -1 -1
295 332 404 -1 -1
369 407 469 -1 -1
369 409 428 -1 -1
369 409 450 -1 -1
328 441 463 -1 -1
369 418 474 -1 -1
328 468 476 -1 -1
369 427 474 -1 -1
369 430 437 -1 -1
369 430 474 -1 -1
369 431 437 -1 -1
369 432 474 -1 -1
369 434 474 -1 -1
369 435 510 -1 -1
369 437 505 -1 -1
369 447 452 -1 -1
369 447 453 -1 -1
295 352 395 -1 -1
369 456 474 -1 -1
295 352 461 -1 -1
295 352 498 -1 -1
369 465 474 -1 -1
369 472 473 -1 -1
369 474 493 -1 -1
369 474 501 -1 -1
370 371 380 -1 -1
370 371 407 -1 -1
370 372 393 -1 -1
370 372 430 -1 -1
295 362 483 -1 -1
370 380 381 -1 -1
370 380 429 -1 -1
295 373 451 -1 -1
370 392 400 -1 -1
295 389 392 -1 -1
370 399 408 -1 -1
295 390 393 -1 -1
295 390 396 -1 -1
295 390 423 -1 -1
295 390 428 -1 -1
295 390 430 -1 -1
295 390 432 -1 -1
295 390 434 -1 -1
295 390 471 -1 -1
295 390 488 -1 -1
295 390 502 -1 -1
295 390 508 -1 -1
370 400 503 -1 -1
370 406 407 -1 -1
295 398 404 -1 -1
370 407 476 -1 -1
370 408 436 -1 -1
295 404 407 -1 -1
295 408 478 -1 -1
295 408 482 -1 -1
370 427 511 -1 -1
370 431 437 -1 -1
295 419 483 -1 -1
370 434 511 -1 -1
370 436 510 -1 -1
370 437 468 -1 -1
370 471 511 -1 -1
370 477 511 -1 -1
329 404 424 -1 -1
329 404 461 -1 -1
329 404 470 -1 -1
329 404 507 -1 -1
371 400 474 -1 -1
296 322 399 -1 -1
371 423 502 -1 -1
371 424 502 -1 -1
296 325 444 -1 -1
230 299 339 -1 -1
371 428 470 -1 -1
371 428 471 -1 -1
371 428 507 -1 -1
371 429 450 -1 -1
371 429 508 -1 -1
371 439 477 -1 -1
296 332 421 -1 -1
371 440 466 -1 -1
296 333 393 -1 -1
296 333 428 -1 -1
296 333 430 -1 -1
296 333 488 -1 -1
330 337 401 -1 -1
330 337 424 -1 -1
330 337 432 -1 -1
330 337 461 -1 -1
330 337 470 -1 -1
330 337 498 -1 -1
371 450 466 -1 -1
371 450 502 -1 -1
371 451 468 -1 -1
371 460 502 -1 -1
330 349 409 -1 -1
372 381 431 -1 -1
372 381 468 -1 -1
330 352 398 -1 -1
296 356 373 -1 -1
296 361 435 -1 -1
296 362 363 -1 -1
372 402 441 -1 -1
330 365 407 -1 -1
330 366 453 -1 -1
330 367 380 -1 -1
330 367 397 -1 -1
330 367 406 -1 -1
330 367 423 -1 -1
330 367 460 -1 -1
330 367 477 -1 -1
372 411 508 -1 -1
330 372 377 -1 -1
330 373 505 -1 -1
296 384 437 -1 -1
296 395 473 -1 -1
296 398 435 -1 -1
296 399 430 -1 -1
296 399 450 -1 -1
296 399 456 -1 -1
296 399 493 -1 -1
372 446 470 -1 -1
372 446 508 -1 -1
372 448 450 -1 -1
330 402 407 -1 -1
296 435 472 -1 -1
330 409 483 -1 -1
296 450 510 -1 -1
330 411 475 -1 -1
296 469 473 -1 -1
296 502 510 -1 -1
297 299 451 -1 -1
373 397 440 -1 -1
373 401 478 -1 -1
373 403 421 -1 -1
373 403 426 -1 -1
373 403 452 -1 -1
373 403 463 -1 -1
373 403 476 -1 -1
373 403 509 -1 -1
373 404 407 -1 -1
373 404 443 -1 -1
373 421 476 -1 -1
373 426 476 -1 -1
196 292 423 -1 -1
196 292 460 -1 -1
196 292 482 -1 -1
373 434 477 -1 -1
373 438 478 -1 -1
373 440 509 -1 -1
196 296 473 -1 -1
196 299 332 -1 -1
196 299 369 -1 -1
373 451 483 -1 -1
373 463 476 -1 -1
297 327 427 -1 -1
297 327 466 -1 -1
374 375 404 -1 -1
297 333 361 -1 -1
263 334 411 -1 -1
263 334 412 -1 -1
263 335 348 -1 -1
297 334 396 -1 -1
297 334 407 -1 -1
297 334 432 -1 -1
297 334 456 -1 -1
297 334 493 -1 -1
196 317 379 -1 -1
231 270 389 -1 -1
231 270 453 -1 -1
263 348 380 -1 -1
263 348 476 -1 -1
374 404 412 -1 -1
196 327 334 -1 -1
196 327 349 -1 -1
196 327 369 -1 -1
331 368 400 -1 -1
331 368 474 -1 -1
196 327 482 -1 -1
196 327 500 -1 -1
196 332 381 -1 -1
196 334 510 -1 -1
297 371 451 -1 -1
297 372 440 -1 -1
297 373 451 -1 -1
297 381 440 -1 -1
331 400 479 -1 -1
297 395 429 -1 -1
196 356 370 -1 -1
196 356 443 -1 -1
196 356 471 -1 -1
331 407 442 -1 -1
297 402 441 -1 -1
196 361 437 -1 -1
196 361 445 -1 -1
263 412 476 -1 -1
196 364 392 -1 -1
196 364 448 -1 -1
231 317 381 -1 -1
196 369 381 -1 -1
297 427 440 -1 -1
297 429 450 -1 -1
297 431 451 -1 -1
196 380 414 -1 -1
297 438 440 -1 -1
196 380 432 -1 -1
297 450 501 -1 -1
297 451 468 -1 -1
196 384 451 -1 -1
196 392 498 -1 -1
196 393 439 -1 -1
196 394 396 -1 -1
196 394 432 -1 -1
196 396 431 -1 -1
196 396 452 -1 -1
196 411 456 -1 -1
196 420 505 -1 -1
196 428 505 -1 -1
196 430 439 -1 -1
196 431 456 -1 -1
196 431 493 -1 -1
196 448 503 -1 -1
196 451 471 -1 -1
196 452 456 -1 -1
196 452 493 -1 -1
196 456 468 -1 -1
196 456 505 -1 -1
196 465 503 -1 -1
196 468 493 -1 -1
196 477 505 -1 -1
376 404 413 -1 -1
196 493 505 -1 -1
196 502 505 -1 -1
298 333 431 -1 -1
298 335 441 -1 -1
332 381 434 -1 -1
332 381 471 -1 -1
232 233 344 -1 -1
332 409 443 -1 -1
298 361 363 -1 -1
298 362 364 -1 -1
298 362 389 -1 -1
298 362 404 -1 -1
377 390 411 -1 -1
298 363 472 -1 -1
298 363 473 -1 -1
298 384 437 -1 -1
298 472 511 -1 -1
232 296 306 -1 -1
232 297 450 -1 -1
232 298 509 -1 -1
232 299 359 -1 -1
333 362 477 -1 -1
232 299 395 -1 -1
232 299 424 -1 -1
232 299 433 -1 -1
232 299 498 -1 -1
378 415 433 -1 -1
378 415 470 -1 -1
232 306 399 -1 -1
379 380 476 -1 -1
379 380 506 -1 -1
333 396 443 -1 -1
265 293 327 -1 -1
265 293 373 -1 -1
333 406 450 -1 -1
333 407 510 -1 -1
333 420 450 -1 -1
333 421 450 -1 -1
333 428 434 -1 -1
333 429 434 -1 -1
232 361 511 -1 -1
232 363 403 -1 -1
232 363 440 -1 -1
232 372 434 -1 -1
232 372 477 -1 -1
299 364 445 -1 -1
334 336 445 -1 -1
380 381 448 -1 -1
380 381 466 -1 -1
232 384 425 -1 -1
232 384 432 -1 -1
232 384 462 -1 -1
232 384 463 -1 -1
232 384 470 -1 -1
232 384 507 -1 -1
380 384 399 -1 -1
380 384 435 -1 -1
299 373 374 -1 -1
299 373 404 -1 -1
380 392 429 -1 -1
380 393 432 -1 -1
380 393 501 -1 -1
380 393 506 -1 -1
380 393 507 -1 -1
380 394 411 -1 -1
232 400 428 -1 -1
232 400 502 -1 -1
380 395 427 -1 -1
380 396 418 -1 -1
380 396 475 -1 -1
380 396 476 -1 -1
232 403 511 -1 -1
380 397 461 -1 -1
380 397 470 -1 -1
380 397 498 -1 -1
380 398 509 -1 -1
380 401 427 -1 -1
380 401 488 -1 -1
265 339 439 -1 -1
265 339 450 -1 -1
380 406 498 -1 -1
380 407 461 -1 -1
380 407 471 -1 -1
380 407 476 -1 -1
380 407 508 -1 -1
197 307 330 -1 -1
334 356 451 -1 -1
334 357 372 -1 -1
334 357 446 -1 -1
299 397 440 -1 -1
380 418 444 -1 -1
380 419 483 -1 -1
380 420 438 -1 -1
232 433 511 -1 -1
380 420 501 -1 -1
232 435 511 -1 -1
334 361 510 -1 -1
380 423 475 -1 -1
380 423 477 -1 -1
299 403 421 -1 -1
299 403 426 -1 -1
232 439 474 -1 -1
232 439 511 -1 -1
299 403 452 -1 -1
380 424 477 -1 -1
299 403 476 -1 -1
299 403 509 -1 -1
380 427 488 -1 -1
334 364 473 -1 -1
380 430 432 -1 -1
299 408 483 -1 -1
380 430 501 -1 -1
380 430 506 -1 -1
380 430 507 -1 -1
380 432 438 -1 -1
232 456 511 -1 -1
232 461 474 -1 -1
380 432 488 -1 -1
380 432 502 -1 -1
380 433 477 -1 -1
380 433 507 -1 -1
380 434 471 -1 -1
380 434 476 -1 -1
380 434 507 -1 -1
232 472 511 -1 -1
380 438 448 -1 -1
380 438 488 -1 -1
380 438 501 -1 -1
233 234 371 -1 -1
299 421 440 -1 -1
299 421 476 -1 -1
299 424 477 -1 -1
380 450 509 -1 -1
380 452 453 -1 -1
380 456 488 -1 -1
299 426 476 -1 -1
380 460 477 -1 -1
380 462 501 -1 -1
380 469 477 -1 -1
380 469 506 -1 -1
299 432 440 -1 -1
380 475 488 -1 -1
380 477 498 -1 -1
299 434 477 -1 -1
380 482 483 -1 -1
380 488 493 -1 -1
380 488 501 -1 -1
380 488 502 -1 -1
380 488 506 -1 -1
299 438 478 -1 -1
299 440 500 -1 -1
299 440 509 -1 -1
299 441 456 -1 -1
299 441 493 -1 -1
299 445 477 -1 -1
299 451 483 -1 -1
299 452 476 -1 -1
299 463 476 -1 -1
334 398 435 -1 -1
381 400 432 -1 -1
381 400 488 -1 -1
381 400 502 -1 -1
265 397 478 -1 -1
381 407 429 -1 -1
381 407 438 -1 -1
381 407 475 -1 -1
381 408 418 -1 -1
265 403 423 -1 -1
265 403 460 -1 -1
265 403 470 -1 -1
265 403 471 -1 -1
265 403 507 -1 -1
334 425 436 -1 -1
265 421 477 -1 -1
334 428 473 -1 -1
381 432 437 -1 -1
334 436 462 -1 -1
334 436 463 -1 -1
334 436 477 -1 -1
334 436 500 -1 -1
265 434 478 -1 -1
265 440 476 -1 -1
334 461 473 -1 -1
197 364 386 -1 -1
381 461 474 -1 -1
334 469 472 -1 -1
334 469 473 -1 -1
334 473 498 -1 -1
233 270 305 -1 -1
233 270 364 -1 -1
233 270 392 -1 -1
233 270 401 -1 -1
265 471 478 -1 -1
233 270 448 -1 -1
233 270 501 -1 -1
381 502 511 -1 -1
265 478 508 -1 -1
335 337 390 -1 -1
382 386 444 -1 -1
300 330 451 -1 -1
300 344 425 -1 -1
300 344 440 -1 -1
300 344 509 -1 -1
335 359 431 -1 -1
335 359 440 -1 -1
335 359 452 -1 -1
335 359 505 -1 -1
335 364 473 -1 -1
300 371 404 -1 -1
300 377 451 -1 -1
335 384 403 -1 -1
335 384 452 -1 -1
335 395 477 -1 -1
335 403 473 -1 -1
300 404 508 -1 -1
198 204 374 -1 -1
300 421 478 -1 -1
300 428 441 -1 -1
335 421 453 -1 -1
335 425 505 -1 -1
300 441 498 -1 -1
300 441 507 -1 -1
335 431 506 -1 -1
300 452 478 -1 -1
300 453 483 -1 -1
300 463 478 -1 -1
266 340 356 -1 -1
266 356 377 -1 -1
301 330 410 -1 -1
336 369 373 -1 -1
336 369 393 -1 -1
336 369 394 -1 -1
336 369 402 -1 -1
336 369 430 -1 -1
336 369 468 -1 -1
336 369 505 -1 -1
336 370 393 -1 -1
336 370 430 -1 -1
301 338 401 -1 -1
301 338 475 -1 -1
301 338 503 -1 -1
336 373 474 -1 -1
336 373 511 -1 -1
301 353 370 -1 -1
301 353 408 -1 -1
234 243 408 -1 -1
336 411 437 -1 -1
336 411 447 -1 -1
301 374 393 -1 -1
301 374 430 -1 -1
301 374 431 -1 -1
336 412 474 -1 -1
301 410 478 -1 -1
234 265 307 -1 -1
234 269 400 -1 -1
234 269 437 -1 -1
234 269 511 -1 -1
234 271 344 -1 -1
234 271 402 -1 -1
337 374 425 -1 -1
337 374 426 -1 -1
337 374 462 -1 -1
337 374 463 -1 -1
337 374 500 -1 -1
267 302 333 -1 -1
337 389 451 -1 -1
234 306 465 -1 -1
337 409 441 -1 -1
302 341 444 -1 -1
337 423 441 -1 -1
337 441 460 -1 -1
337 441 465 -1 -1
337 441 488 -1 -1
337 451 477 -1 -1
338 412 448 -1 -1
268 270 426 -1 -1
268 344 396 -1 -1
304 311 442 -1 -1
340 365 431 -1 -1
340 365 468 -1 -1
304 338 471 -1 -1
304 353 470 -1 -1
304 353 507 -1 -1
269 270 369 -1 -1
269 270 379 -1 -1
269 270 395 -1 -1
269 270 430 -1 -1
269 270 433 -1 -1
269 270 469 -1 -1
269 270 488 -1 -1
269 270 502 -1 -1
269 270 506 -1 -1
340 429 439 -1 -1
340 434 478 -1 -1
340 471 478 -1 -1
305 322 359 -1 -1
305 322 407 -1 -1
305 322 434 -1 -1
305 322 477 -1 -1
305 323 404 -1 -1
236 273 394 -1 -1
236 273 452 -1 -1
236 273 505 -1 -1
305 330 337 -1 -1
305 332 407 -1 -1
305 335 448 -1 -1
305 356 453 -1 -1
236 300 401 -1 -1
305 361 509 -1 -1
305 364 469 -1 -1
236 311 371 -1 -1
305 379 407 -1 -1
305 379 432 -1 -1
305 379 488 -1 -1
305 381 509 -1 -1
305 393 466 -1 -1
305 395 418 -1 -1
305 396 407 -1 -1
305 401 403 -1 -1
305 407 428 -1 -1
305 407 432 -1 -1
305 407 435 -1 -1
305 407 470 -1 -1
305 407 472 -1 -1
305 407 476 -1 -1
305 407 488 -1 -1
305 411 440 -1 -1
305 418 423 -1 -1
305 418 424 -1 -1
305 418 433 -1 -1
305 418 440 -1 -1
305 418 460 -1 -1
305 418 476 -1 -1
305 427 438 -1 -1
305 428 433 -1 -1
305 430 466 -1 -1
305 431 466 -1 -1
305 433 438 -1 -1
305 433 475 -1 -1
305 434 443 -1 -1
305 440 443 -1 -1
305 443 470 -1 -1
305 443 471 -1 -1
305 443 508 -1 -1
305 456 502 -1 -1
305 466 505 -1 -1
169 204 263 -1 -1
305 475 502 -1 -1
305 493 502 -1 -1
270 296 444 -1 -1
270 298 384 -1 -1
270 300 445 -1 -1
306 343 344 -1 -1
169 256 472 -1 -1
270 327 371 -1 -1
270 332 444 -1 -1
270 342 472 -1 -1
270 345 387 -1 -1
169 292 299 -1 -1
169 292 423 -1 -1
169 292 424 -1 -1
169 292 482 -1 -1
169 295 364 -1 -1
169 295 377 -1 -1
169 297 390 -1 -1
270 372 510 -1 -1
169 323 362 -1 -1
344 357 406 -1 -1
169 330 397 -1 -1
169 330 402 -1 -1
169 330 456 -1 -1
169 330 493 -1 -1
344 364 386 -1 -1
344 377 478 -1 -1
344 380 451 -1 -1
169 359 440 -1 -1
344 392 450 -1 -1
344 394 407 -1 -1
344 403 466 -1 -1
344 404 439 -1 -1
169 389 435 -1 -1
344 418 428 -1 -1
344 423 429 -1 -1
344 424 429 -1 -1
344 427 476 -1 -1
169 403 443 -1 -1
169 403 461 -1 -1
344 429 434 -1 -1
344 429 498 -1 -1
344 439 440 -1 -1
344 440 466 -1 -1
344 441 482 -1 -1
169 424 483 -1 -1
344 450 503 -1 -1
169 433 440 -1 -1
169 440 444 -1 -1
169 440 452 -1 -1
344 476 503 -1 -1
169 444 476 -1 -1
169 456 476 -1 -1
169 476 493 -1 -1
271 308 406 -1 -1
271 308 448 -1 -1
271 308 456 -1 -1
271 308 465 -1 -1
271 308 493 -1 -1
271 308 509 -1 -1
347 352 431 -1 -1
347 352 468 -1 -1
348 374 409 -1 -1
348 410 445 -1 -1
349 371 441 -1 -1
349 389 427 -1 -1
349 389 428 -1 -1
349 389 456 -1 -1
349 389 472 -1 -1
349 389 493 -1 -1
349 390 432 -1 -1
349 390 434 -1 -1
273 295 412 -1 -1
349 420 483 -1 -1
138 175 296 -1 -1
311 320 375 -1 -1
273 375 477 -1 -1
312 349 437 -1 -1
105 216 274 -1 -1
275 339 477 -1 -1
275 404 415 -1 -1
140 162 310 -1 -1
315 442 474 -1 -1
204 232 317 -1 -1
204 359 383 -1 -1
204 383 477 -1 -1
40 114 329 -1 -1
206 231 280 -1 -1
246 338 446 -1 -1
284 338 421 -1 -1
284 338 426 -1 -1
284 338 432 -1 -1
284 338 463 -1 -1
284 338 500 -1 -1
177 292 419 -1 -1
177 337 403 -1 -1
177 384 419 -1 -1
286 291 301 -1 -1
286 291 412 -1 -1
209 283 412 -1 -1
253 347 465 -1 -1
183 220 341 -1 -1
218 255 376 -1 -1
188 235 451 -1 -1
118 181 343 -1 -1
118 181 434 -1 -1
118 181 502 -1 -1
