423 -1 -1 -1 -1 
458 -1 -1 -1 -1 
484 -1 -1 -1 -1 
485 -1 -1 -1 -1 
489 -1 -1 -1 -1 
490 -1 -1 -1 -1 
491 -1 -1 -1 -1 
494 -1 -1 -1 -1 
495 -1 -1 -1 -1 
499 -1 -1 -1 -1 
448 502 -1 -1 -1 
456 493 -1 -1 -1 
463 500 -1 -1 -1 
424 461 -1 -1 -1 
429 466 -1 -1 -1 
431 468 -1 -1 -1 
395 432 -1 -1 -1 
400 437 -1 -1 -1 
471 472 508 -1 -1 
478 483 488 -1 -1 
425 426 462 -1 -1 
428 455 465 -1 -1 
228 265 386 -1 -1 
369 396 406 -1 -1 
297 334 492 -1 -1 
337 374 421 -1 -1 
233 270 391 -1 -1 
306 343 344 -1 -1 
138 175 296 -1 -1 
218 255 376 -1 -1 
183 220 341 -1 -1 
