388 -1 -1 -1 -1 
391 -1 -1 -1 -1 
457 -1 -1 -1 -1 
458 -1 -1 -1 -1 
464 -1 -1 -1 -1 
484 -1 -1 -1 -1 
489 -1 -1 -1 -1 
490 -1 -1 -1 -1 
491 -1 -1 -1 -1 
494 -1 -1 -1 -1 
497 -1 -1 -1 -1 
499 -1 -1 -1 -1 
501 -1 -1 -1 -1 
455 456 -1 -1 -1 
455 493 -1 -1 -1 
456 493 -1 -1 -1 
463 500 -1 -1 -1 
424 498 -1 -1 -1 
455 461 508 -1 -1 
456 461 508 -1 -1 
456 469 470 -1 -1 
461 493 508 -1 -1 
469 470 493 -1 -1 
423 460 498 -1 -1 
425 426 462 -1 -1 
425 462 463 -1 -1 
427 428 488 -1 -1 
429 455 503 -1 -1 
429 456 503 -1 -1 
429 493 503 -1 -1 
228 265 386 -1 -1 
297 334 492 -1 -1 
203 240 361 -1 -1 
138 175 296 -1 -1 
218 255 376 -1 -1 
183 220 341 -1 -1 
