388 -1 -1 -1 -1
391 -1 -1 -1 -1
393 -1 -1 -1 -1
395 -1 -1 -1 -1
430 -1 -1 -1 -1
457 -1 -1 -1 -1
458 -1 -1 -1 -1
459 -1 -1 -1 -1
464 -1 -1 -1 -1
465 -1 -1 -1 -1
467 -1 -1 -1 -1
484 -1 -1 -1 -1
485 -1 -1 -1 -1
487 -1 -1 -1 -1
489 -1 -1 -1 -1
490 -1 -1 -1 -1
491 -1 -1 -1 -1
494 -1 -1 -1 -1
495 -1 -1 -1 -1
496 -1 -1 -1 -1
497 -1 -1 -1 -1
499 -1 -1 -1 -1
501 -1 -1 -1 -1
504 -1 -1 -1 -1
506 -1 -1 -1 -1
507 -1 -1 -1 -1
509 -1 -1 -1 -1
448 477 -1 -1 -1
448 502 -1 -1 -1
455 456 -1 -1 -1
455 493 -1 -1 -1
456 480 -1 -1 -1
456 492 -1 -1 -1
456 493 -1 -1 -1
460 461 -1 -1 -1
460 471 -1 -1 -1
460 498 -1 -1 -1
460 508 -1 -1 -1
462 463 -1 -1 -1
462 500 -1 -1 -1
463 500 -1 -1 -1
469 471 -1 -1 -1
469 477 -1 -1 -1
469 508 -1 -1 -1
471 476 -1 -1 -1
471 508 -1 -1 -1
476 508 -1 -1 -1
477 488 -1 -1 -1
478 482 -1 -1 -1
384 436 -1 -1 -1
386 424 -1 -1 -1
386 434 -1 -1 -1
386 469 -1 -1 -1
416 456 -1 -1 -1
416 477 -1 -1 -1
416 493 -1 -1 -1
418 503 -1 -1 -1
421 444 -1 -1 -1
421 462 -1 -1 -1
421 463 -1 -1 -1
423 424 -1 -1 -1
423 434 -1 -1 -1
423 461 -1 -1 -1
423 471 -1 -1 -1
423 498 -1 -1 -1
423 508 -1 -1 -1
424 460 -1 -1 -1
424 461 -1 -1 -1
424 471 -1 -1 -1
327 394 -1 -1 -1
424 498 -1 -1 -1
424 508 -1 -1 -1
425 426 -1 -1 -1
425 463 -1 -1 -1
425 500 -1 -1 -1
426 444 -1 -1 -1
426 462 -1 -1 -1
426 463 -1 -1 -1
480 493 -1 -1 -1
492 493 -1 -1 -1
328 364 -1 -1 -1
392 502 -1 -1 -1
392 503 -1 -1 -1
356 357 -1 -1 -1
394 431 -1 -1 -1
394 468 -1 -1 -1
264 301 -1 -1 -1
357 409 -1 -1 -1
196 299 -1 -1 -1
196 453 -1 -1 -1
428 432 -1 -1 -1
428 488 -1 -1 -1
428 502 -1 -1 -1
429 475 -1 -1 -1
232 400 -1 -1 -1
432 488 -1 -1 -1
396 428 -1 -1 -1
232 511 -1 -1 -1
396 488 -1 -1 -1
434 460 -1 -1 -1
434 469 -1 -1 -1
434 508 -1 -1 -1
296 333 -1 -1 -1
438 466 -1 -1 -1
400 437 -1 -1 -1
401 502 -1 -1 -1
442 479 -1 -1 -1
359 396 -1 -1 -1
359 432 -1 -1 -1
297 334 -1 -1 -1
360 477 -1 -1 -1
361 362 -1 -1 -1
363 400 -1 -1 -1
364 401 -1 -1 -1
364 423 -1 -1 -1
364 460 -1 -1 -1
364 477 -1 -1 -1
364 488 -1 -1 -1
200 237 -1 -1 -1
337 441 -1 -1 -1
366 440 -1 -1 -1
369 407 -1 -1 -1
369 474 -1 -1 -1
341 415 -1 -1 -1
371 443 -1 -1 -1
445 476 -1 -1 -1
305 359 -1 -1 -1
305 403 -1 -1 -1
305 424 -1 -1 -1
203 240 -1 -1 -1
406 433 -1 -1 -1
406 434 -1 -1 -1
305 470 -1 -1 -1
406 470 -1 -1 -1
306 308 -1 -1 -1
407 503 -1 -1 -1
408 416 -1 -1 -1
409 453 -1 -1 -1
409 477 -1 -1 -1
349 389 -1 -1 -1
380 488 -1 -1 -1
381 407 -1 -1 -1
381 437 -1 -1 -1
448 452 477 -1 -1
448 455 477 -1 -1
448 456 488 -1 -1
448 461 471 -1 -1
448 462 477 -1 -1
448 466 480 -1 -1
448 470 477 -1 -1
448 471 498 -1 -1
448 475 503 -1 -1
448 477 492 -1 -1
448 477 502 -1 -1
352 357 478 -1 -1
384 396 436 -1 -1
448 482 483 -1 -1
384 396 472 -1 -1
448 488 493 -1 -1
448 498 508 -1 -1
480 488 502 -1 -1
384 398 416 -1 -1
480 492 493 -1 -1
416 421 426 -1 -1
480 498 508 -1 -1
416 421 444 -1 -1
384 398 463 -1 -1
384 399 407 -1 -1
416 423 434 -1 -1
416 423 471 -1 -1
416 423 508 -1 -1
416 424 434 -1 -1
352 365 419 -1 -1
416 425 477 -1 -1
416 426 462 -1 -1
416 426 463 -1 -1
416 427 438 -1 -1
416 428 477 -1 -1
416 428 488 -1 -1
416 429 503 -1 -1
416 432 433 -1 -1
416 432 470 -1 -1
416 432 476 -1 -1
482 483 488 -1 -1
416 433 500 -1 -1
320 332 414 -1 -1
416 434 460 -1 -1
416 434 461 -1 -1
416 434 498 -1 -1
488 502 503 -1 -1
492 498 508 -1 -1
493 498 508 -1 -1
416 438 503 -1 -1
416 444 445 -1 -1
416 444 477 -1 -1
450 451 460 -1 -1
416 444 500 -1 -1
450 451 488 -1 -1
416 448 476 -1 -1
450 468 502 -1 -1
384 416 420 -1 -1
451 468 476 -1 -1
416 452 477 -1 -1
384 420 421 -1 -1
384 420 425 -1 -1
384 420 448 -1 -1
384 420 462 -1 -1
384 420 463 -1 -1
416 455 456 -1 -1
384 420 472 -1 -1
416 455 480 -1 -1
384 420 500 -1 -1
416 455 492 -1 -1
416 455 493 -1 -1
416 456 469 -1 -1
416 456 480 -1 -1
416 456 492 -1 -1
416 460 471 -1 -1
416 460 508 -1 -1
416 462 477 -1 -1
416 466 503 -1 -1
416 469 470 -1 -1
416 469 493 -1 -1
416 470 471 -1 -1
416 470 508 -1 -1
384 426 472 -1 -1
416 475 503 -1 -1
384 427 436 -1 -1
416 480 492 -1 -1
416 480 493 -1 -1
416 492 493 -1 -1
416 502 503 -1 -1
452 453 488 -1 -1
384 432 436 -1 -1
384 432 472 -1 -1
384 435 488 -1 -1
452 463 505 -1 -1
452 469 477 -1 -1
452 477 488 -1 -1
452 478 482 -1 -1
452 500 505 -1 -1
288 310 353 -1 -1
453 462 468 -1 -1
453 462 505 -1 -1
453 463 468 -1 -1
453 463 505 -1 -1
453 468 500 -1 -1
453 500 505 -1 -1
384 477 510 -1 -1
384 488 510 -1 -1
455 456 480 -1 -1
455 456 492 -1 -1
455 460 471 -1 -1
455 460 508 -1 -1
455 461 471 -1 -1
455 461 508 -1 -1
455 466 503 -1 -1
455 469 470 -1 -1
455 469 471 -1 -1
455 469 477 -1 -1
455 469 508 -1 -1
455 471 498 -1 -1
455 471 508 -1 -1
455 477 488 -1 -1
455 480 492 -1 -1
455 480 493 -1 -1
455 492 493 -1 -1
455 498 508 -1 -1
320 369 377 -1 -1
456 460 480 -1 -1
456 461 471 -1 -1
456 461 508 -1 -1
456 466 502 -1 -1
456 466 503 -1 -1
352 449 486 -1 -1
418 424 444 -1 -1
288 331 339 -1 -1
418 427 480 -1 -1
418 428 432 -1 -1
418 428 434 -1 -1
418 428 471 -1 -1
418 428 477 -1 -1
418 428 508 -1 -1
418 429 476 -1 -1
456 469 470 -1 -1
456 469 480 -1 -1
456 471 498 -1 -1
418 432 448 -1 -1
456 480 492 -1 -1
456 498 508 -1 -1
460 466 475 -1 -1
460 469 471 -1 -1
460 469 477 -1 -1
460 471 492 -1 -1
460 475 502 -1 -1
460 476 477 -1 -1
460 480 493 -1 -1
460 480 502 -1 -1
460 492 508 -1 -1
460 502 503 -1 -1
461 463 498 -1 -1
418 444 477 -1 -1
461 469 488 -1 -1
461 470 471 -1 -1
461 470 508 -1 -1
461 471 480 -1 -1
461 471 492 -1 -1
461 471 493 -1 -1
461 476 477 -1 -1
418 448 476 -1 -1
418 450 452 -1 -1
461 480 508 -1 -1
461 492 508 -1 -1
461 493 508 -1 -1
461 498 500 -1 -1
418 452 503 -1 -1
418 455 480 -1 -1
462 469 477 -1 -1
418 456 480 -1 -1
462 471 508 -1 -1
418 466 476 -1 -1
462 477 488 -1 -1
462 478 482 -1 -1
418 472 503 -1 -1
288 339 368 -1 -1
418 477 480 -1 -1
418 480 492 -1 -1
418 480 493 -1 -1
288 344 441 -1 -1
466 475 477 -1 -1
466 475 488 -1 -1
466 477 502 -1 -1
419 433 482 -1 -1
419 433 483 -1 -1
466 480 503 -1 -1
466 492 503 -1 -1
466 493 502 -1 -1
466 493 503 -1 -1
419 444 482 -1 -1
419 470 478 -1 -1
419 470 482 -1 -1
468 477 505 -1 -1
386 392 416 -1 -1
469 470 480 -1 -1
469 470 492 -1 -1
469 470 493 -1 -1
469 471 492 -1 -1
386 396 423 -1 -1
386 397 427 -1 -1
386 397 456 -1 -1
386 397 493 -1 -1
469 476 508 -1 -1
469 477 492 -1 -1
469 478 482 -1 -1
469 480 493 -1 -1
469 488 498 -1 -1
469 492 508 -1 -1
469 502 503 -1 -1
470 471 480 -1 -1
470 471 498 -1 -1
470 480 508 -1 -1
470 498 508 -1 -1
471 472 508 -1 -1
386 401 424 -1 -1
386 401 432 -1 -1
386 401 434 -1 -1
471 476 480 -1 -1
471 480 498 -1 -1
471 480 508 -1 -1
471 492 498 -1 -1
471 492 508 -1 -1
471 493 498 -1 -1
386 403 453 -1 -1
386 406 423 -1 -1
386 406 434 -1 -1
386 406 460 -1 -1
386 406 469 -1 -1
386 407 475 -1 -1
472 473 511 -1 -1
386 411 431 -1 -1
474 502 511 -1 -1
475 488 502 -1 -1
476 477 498 -1 -1
386 416 448 -1 -1
476 480 508 -1 -1
477 478 483 -1 -1
477 480 488 -1 -1
477 482 488 -1 -1
477 488 492 -1 -1
386 420 424 -1 -1
386 420 460 -1 -1
386 420 461 -1 -1
386 420 469 -1 -1
386 420 471 -1 -1
386 420 508 -1 -1
386 421 498 -1 -1
478 480 482 -1 -1
386 423 432 -1 -1
478 483 488 -1 -1
386 423 460 -1 -1
386 423 488 -1 -1
386 423 502 -1 -1
386 424 475 -1 -1
386 426 461 -1 -1
386 426 498 -1 -1
386 427 508 -1 -1
386 431 468 -1 -1
421 425 488 -1 -1
421 426 455 -1 -1
421 426 480 -1 -1
421 426 492 -1 -1
386 434 455 -1 -1
386 434 470 -1 -1
386 434 492 -1 -1
386 434 502 -1 -1
386 440 468 -1 -1
386 443 461 -1 -1
386 443 498 -1 -1
421 431 452 -1 -1
386 450 456 -1 -1
386 450 493 -1 -1
421 440 453 -1 -1
386 455 471 -1 -1
386 455 508 -1 -1
386 456 471 -1 -1
386 456 508 -1 -1
386 460 488 -1 -1
386 461 463 -1 -1
386 461 500 -1 -1
386 463 498 -1 -1
386 469 475 -1 -1
386 470 508 -1 -1
386 471 492 -1 -1
386 471 493 -1 -1
386 476 477 -1 -1
386 492 508 -1 -1
386 493 508 -1 -1
386 498 500 -1 -1
421 444 455 -1 -1
421 444 492 -1 -1
421 452 468 -1 -1
421 452 505 -1 -1
421 477 500 -1 -1
421 488 500 -1 -1
423 424 425 -1 -1
423 424 432 -1 -1
423 424 460 -1 -1
423 424 462 -1 -1
423 431 505 -1 -1
423 432 434 -1 -1
423 432 461 -1 -1
423 432 471 -1 -1
423 432 508 -1 -1
423 434 455 -1 -1
423 434 492 -1 -1
423 438 502 -1 -1
423 440 505 -1 -1
423 448 508 -1 -1
423 450 451 -1 -1
423 455 471 -1 -1
423 455 508 -1 -1
423 456 480 -1 -1
423 460 461 -1 -1
423 460 471 -1 -1
423 460 498 -1 -1
423 460 508 -1 -1
423 466 475 -1 -1
423 469 471 -1 -1
423 469 477 -1 -1
423 471 492 -1 -1
423 476 477 -1 -1
423 480 493 -1 -1
423 492 508 -1 -1
423 502 503 -1 -1
424 425 460 -1 -1
424 428 471 -1 -1
424 432 460 -1 -1
424 432 477 -1 -1
424 434 448 -1 -1
424 434 470 -1 -1
424 434 488 -1 -1
424 440 468 -1 -1
389 390 428 -1 -1
389 390 432 -1 -1
389 390 434 -1 -1
389 390 471 -1 -1
389 390 480 -1 -1
424 444 469 -1 -1
424 448 471 -1 -1
424 448 508 -1 -1
424 455 471 -1 -1
424 455 508 -1 -1
424 460 462 -1 -1
424 462 469 -1 -1
424 469 488 -1 -1
424 470 471 -1 -1
424 470 508 -1 -1
424 471 480 -1 -1
424 471 492 -1 -1
389 398 483 -1 -1
424 476 477 -1 -1
424 480 508 -1 -1
424 492 508 -1 -1
425 426 462 -1 -1
389 404 420 -1 -1
425 427 463 -1 -1
425 428 463 -1 -1
425 431 453 -1 -1
425 432 500 -1 -1
425 434 469 -1 -1
425 434 508 -1 -1
425 443 475 -1 -1
425 444 500 -1 -1
322 323 407 -1 -1
322 323 456 -1 -1
322 323 493 -1 -1
425 448 477 -1 -1
425 453 468 -1 -1
425 453 505 -1 -1
425 462 463 -1 -1
425 462 500 -1 -1
425 469 477 -1 -1
425 471 508 -1 -1
425 477 488 -1 -1
425 478 482 -1 -1
389 435 478 -1 -1
426 428 462 -1 -1
426 428 463 -1 -1
322 335 377 -1 -1
426 444 452 -1 -1
426 448 462 -1 -1
426 448 463 -1 -1
426 455 462 -1 -1
426 455 463 -1 -1
426 461 498 -1 -1
426 462 480 -1 -1
426 462 492 -1 -1
426 463 480 -1 -1
426 463 492 -1 -1
427 428 477 -1 -1
427 428 488 -1 -1
427 429 488 -1 -1
427 438 456 -1 -1
427 438 471 -1 -1
427 438 477 -1 -1
427 438 493 -1 -1
427 438 502 -1 -1
427 444 463 -1 -1
427 446 511 -1 -1
427 455 480 -1 -1
427 456 475 -1 -1
427 456 480 -1 -1
427 456 503 -1 -1
427 462 463 -1 -1
427 466 488 -1 -1
427 471 475 -1 -1
390 414 455 -1 -1
390 414 456 -1 -1
390 414 471 -1 -1
322 360 406 -1 -1
390 414 492 -1 -1
390 414 493 -1 -1
427 475 493 -1 -1
390 414 502 -1 -1
427 475 502 -1 -1
390 414 508 -1 -1
427 480 492 -1 -1
427 480 493 -1 -1
427 493 503 -1 -1
428 431 505 -1 -1
428 432 455 -1 -1
428 432 469 -1 -1
428 432 492 -1 -1
428 433 471 -1 -1
428 434 471 -1 -1
428 434 508 -1 -1
428 438 448 -1 -1
322 365 441 -1 -1
428 448 475 -1 -1
428 448 503 -1 -1
428 455 477 -1 -1
428 455 488 -1 -1
428 456 477 -1 -1
428 462 463 -1 -1
428 469 471 -1 -1
428 469 477 -1 -1
428 471 508 -1 -1
322 372 394 -1 -1
428 477 492 -1 -1
428 477 493 -1 -1
428 478 482 -1 -1
428 480 503 -1 -1
428 488 492 -1 -1
429 432 502 -1 -1
429 432 503 -1 -1
429 444 463 -1 -1
322 386 500 -1 -1
429 448 480 -1 -1
429 455 503 -1 -1
429 456 503 -1 -1
356 357 359 -1 -1
356 357 396 -1 -1
356 357 423 -1 -1
356 357 448 -1 -1
356 357 450 -1 -1
356 357 452 -1 -1
392 396 418 -1 -1
392 396 427 -1 -1
429 477 502 -1 -1
392 396 475 -1 -1
429 480 503 -1 -1
429 492 503 -1 -1
429 493 503 -1 -1
322 399 407 -1 -1
356 362 401 -1 -1
431 434 468 -1 -1
392 401 416 -1 -1
392 401 428 -1 -1
392 401 455 -1 -1
392 401 456 -1 -1
392 401 492 -1 -1
392 401 493 -1 -1
392 402 403 -1 -1
431 440 469 -1 -1
431 440 498 -1 -1
431 441 482 -1 -1
392 407 438 -1 -1
392 407 488 -1 -1
392 408 444 -1 -1
322 406 421 -1 -1
322 406 425 -1 -1
322 406 426 -1 -1
322 406 435 -1 -1
322 406 462 -1 -1
322 406 463 -1 -1
322 406 500 -1 -1
431 451 476 -1 -1
322 407 510 -1 -1
431 452 500 -1 -1
431 453 462 -1 -1
431 453 463 -1 -1
431 453 500 -1 -1
322 408 480 -1 -1
392 411 505 -1 -1
431 460 505 -1 -1
392 416 438 -1 -1
431 468 498 -1 -1
392 416 475 -1 -1
392 416 502 -1 -1
392 418 424 -1 -1
392 418 432 -1 -1
392 418 434 -1 -1
392 418 471 -1 -1
392 418 508 -1 -1
431 477 505 -1 -1
431 488 505 -1 -1
322 428 443 -1 -1
322 429 443 -1 -1
432 433 455 -1 -1
432 433 456 -1 -1
392 424 450 -1 -1
432 433 480 -1 -1
432 433 492 -1 -1
432 433 493 -1 -1
432 434 460 -1 -1
432 434 477 -1 -1
392 427 432 -1 -1
392 427 477 -1 -1
392 428 438 -1 -1
392 428 503 -1 -1
392 432 475 -1 -1
322 443 466 -1 -1
322 444 452 -1 -1
432 448 471 -1 -1
432 448 508 -1 -1
432 450 451 -1 -1
432 452 453 -1 -1
392 437 447 -1 -1
392 438 448 -1 -1
392 438 469 -1 -1
432 460 461 -1 -1
432 460 471 -1 -1
432 460 508 -1 -1
432 461 477 -1 -1
432 476 508 -1 -1
432 477 482 -1 -1
432 477 498 -1 -1
392 448 475 -1 -1
392 450 461 -1 -1
392 450 469 -1 -1
392 450 498 -1 -1
392 455 502 -1 -1
433 434 488 -1 -1
392 469 475 -1 -1
392 492 502 -1 -1
433 456 469 -1 -1
433 469 493 -1 -1
433 470 471 -1 -1
433 471 488 -1 -1
394 407 409 -1 -1
433 488 508 -1 -1
434 435 471 -1 -1
323 349 404 -1 -1
394 409 463 -1 -1
394 409 500 -1 -1
394 411 502 -1 -1
434 440 453 -1 -1
434 444 471 -1 -1
434 444 508 -1 -1
434 445 505 -1 -1
394 421 452 -1 -1
394 421 453 -1 -1
394 423 431 -1 -1
394 423 440 -1 -1
434 448 461 -1 -1
434 448 498 -1 -1
394 423 505 -1 -1
434 455 460 -1 -1
434 455 469 -1 -1
434 460 492 -1 -1
434 461 470 -1 -1
434 461 488 -1 -1
434 462 469 -1 -1
434 469 492 -1 -1
434 470 480 -1 -1
434 470 498 -1 -1
434 471 488 -1 -1
394 425 453 -1 -1
434 476 488 -1 -1
434 478 483 -1 -1
434 480 508 -1 -1
434 488 498 -1 -1
435 436 437 -1 -1
394 428 505 -1 -1
394 431 460 -1 -1
394 432 440 -1 -1
357 372 392 -1 -1
357 372 414 -1 -1
357 372 502 -1 -1
394 440 460 -1 -1
394 440 461 -1 -1
394 440 469 -1 -1
394 445 461 -1 -1
394 450 503 -1 -1
394 451 476 -1 -1
394 452 463 -1 -1
394 453 462 -1 -1
394 453 463 -1 -1
394 453 500 -1 -1
394 460 505 -1 -1
394 477 505 -1 -1
394 488 505 -1 -1
435 510 511 -1 -1
396 400 446 -1 -1
357 398 453 -1 -1
323 390 503 -1 -1
357 406 409 -1 -1
396 406 424 -1 -1
357 408 440 -1 -1
357 409 423 -1 -1
357 409 425 -1 -1
357 409 460 -1 -1
357 409 462 -1 -1
396 408 427 -1 -1
396 408 480 -1 -1
396 416 433 -1 -1
396 416 476 -1 -1
396 418 428 -1 -1
437 474 502 -1 -1
437 502 511 -1 -1
396 423 424 -1 -1
396 423 434 -1 -1
438 443 463 -1 -1
396 423 461 -1 -1
396 423 471 -1 -1
396 423 498 -1 -1
396 423 508 -1 -1
396 424 434 -1 -1
396 424 460 -1 -1
396 424 477 -1 -1
396 428 455 -1 -1
396 428 492 -1 -1
438 448 503 -1 -1
396 433 456 -1 -1
396 433 493 -1 -1
396 434 448 -1 -1
396 434 460 -1 -1
396 434 476 -1 -1
396 442 479 -1 -1
438 460 502 -1 -1
438 469 503 -1 -1
396 448 471 -1 -1
396 448 508 -1 -1
396 450 451 -1 -1
438 488 502 -1 -1
396 452 453 -1 -1
396 456 470 -1 -1
396 460 461 -1 -1
396 460 471 -1 -1
396 460 498 -1 -1
396 460 508 -1 -1
396 461 477 -1 -1
396 470 477 -1 -1
396 470 493 -1 -1
396 471 476 -1 -1
396 476 508 -1 -1
396 477 482 -1 -1
396 477 498 -1 -1
396 478 483 -1 -1
396 482 483 -1 -1
396 502 503 -1 -1
440 444 505 -1 -1
397 406 420 -1 -1
440 451 475 -1 -1
440 451 476 -1 -1
397 408 448 -1 -1
440 453 500 -1 -1
440 460 505 -1 -1
440 461 468 -1 -1
440 468 498 -1 -1
440 469 505 -1 -1
397 416 423 -1 -1
397 416 424 -1 -1
397 416 448 -1 -1
440 482 505 -1 -1
397 416 460 -1 -1
397 416 461 -1 -1
397 416 470 -1 -1
397 416 476 -1 -1
397 416 498 -1 -1
440 488 505 -1 -1
397 418 448 -1 -1
397 418 466 -1 -1
324 340 406 -1 -1
397 423 455 -1 -1
397 423 456 -1 -1
397 423 492 -1 -1
397 423 493 -1 -1
397 424 448 -1 -1
397 428 461 -1 -1
397 428 498 -1 -1
397 432 448 -1 -1
397 433 470 -1 -1
397 434 435 -1 -1
397 434 444 -1 -1
397 434 472 -1 -1
397 434 488 -1 -1
397 444 461 -1 -1
397 444 471 -1 -1
397 444 508 -1 -1
397 445 505 -1 -1
397 448 476 -1 -1
397 448 498 -1 -1
397 455 460 -1 -1
397 455 469 -1 -1
397 455 508 -1 -1
397 456 460 -1 -1
397 456 469 -1 -1
397 456 508 -1 -1
397 460 492 -1 -1
397 460 493 -1 -1
397 461 477 -1 -1
397 469 492 -1 -1
397 469 493 -1 -1
397 470 471 -1 -1
397 470 480 -1 -1
397 470 508 -1 -1
397 471 472 -1 -1
397 472 508 -1 -1
397 476 488 -1 -1
397 492 508 -1 -1
397 493 508 -1 -1
324 360 420 -1 -1
324 360 421 -1 -1
324 360 469 -1 -1
443 444 461 -1 -1
443 445 503 -1 -1
398 400 473 -1 -1
324 362 477 -1 -1
443 462 475 -1 -1
443 463 475 -1 -1
398 406 471 -1 -1
398 407 421 -1 -1
398 407 469 -1 -1
443 475 500 -1 -1
324 372 452 -1 -1
398 408 508 -1 -1
444 445 471 -1 -1
444 445 508 -1 -1
359 360 396 -1 -1
359 360 424 -1 -1
359 360 434 -1 -1
359 360 471 -1 -1
359 360 508 -1 -1
359 362 386 -1 -1
359 362 429 -1 -1
444 453 468 -1 -1
359 362 502 -1 -1
444 455 477 -1 -1
444 455 500 -1 -1
444 456 477 -1 -1
444 456 500 -1 -1
444 463 466 -1 -1
444 471 508 -1 -1
444 477 492 -1 -1
444 477 493 -1 -1
444 477 502 -1 -1
444 492 500 -1 -1
444 493 500 -1 -1
445 450 470 -1 -1
445 475 476 -1 -1
359 380 396 -1 -1
359 380 397 -1 -1
324 420 450 -1 -1
359 384 470 -1 -1
359 384 480 -1 -1
446 474 488 -1 -1
446 475 511 -1 -1
324 426 450 -1 -1
359 386 443 -1 -1
359 396 406 -1 -1
359 396 423 -1 -1
359 396 460 -1 -1
359 397 408 -1 -1
359 397 456 -1 -1
359 397 493 -1 -1
324 450 463 -1 -1
324 450 500 -1 -1
359 406 423 -1 -1
359 406 424 -1 -1
359 406 432 -1 -1
359 406 448 -1 -1
359 406 469 -1 -1
359 408 416 -1 -1
359 408 448 -1 -1
359 408 471 -1 -1
325 327 408 -1 -1
359 419 439 -1 -1
359 419 483 -1 -1
359 423 432 -1 -1
359 423 469 -1 -1
359 424 469 -1 -1
325 335 451 -1 -1
359 433 434 -1 -1
359 434 455 -1 -1
359 434 456 -1 -1
359 434 469 -1 -1
359 434 492 -1 -1
359 434 493 -1 -1
359 445 505 -1 -1
325 344 371 -1 -1
359 455 508 -1 -1
359 460 469 -1 -1
359 469 471 -1 -1
359 469 508 -1 -1
359 492 508 -1 -1
400 406 446 -1 -1
360 362 436 -1 -1
360 363 437 -1 -1
400 407 408 -1 -1
360 364 456 -1 -1
360 364 493 -1 -1
360 364 502 -1 -1
360 372 446 -1 -1
360 373 403 -1 -1
325 362 414 -1 -1
325 362 443 -1 -1
360 380 470 -1 -1
360 384 436 -1 -1
400 435 436 -1 -1
360 386 397 -1 -1
360 386 471 -1 -1
360 386 508 -1 -1
360 392 427 -1 -1
360 392 475 -1 -1
360 394 431 -1 -1
360 396 444 -1 -1
360 396 456 -1 -1
360 396 493 -1 -1
360 397 406 -1 -1
400 446 488 -1 -1
360 397 461 -1 -1
360 397 476 -1 -1
360 397 498 -1 -1
360 398 408 -1 -1
360 406 477 -1 -1
400 474 502 -1 -1
325 399 447 -1 -1
360 408 433 -1 -1
400 502 511 -1 -1
401 402 403 -1 -1
401 403 451 -1 -1
360 411 451 -1 -1
401 409 443 -1 -1
360 416 433 -1 -1
360 416 455 -1 -1
360 416 456 -1 -1
360 416 469 -1 -1
360 416 480 -1 -1
360 416 492 -1 -1
360 416 493 -1 -1
401 416 503 -1 -1
360 423 461 -1 -1
360 423 498 -1 -1
360 425 477 -1 -1
360 427 444 -1 -1
360 428 470 -1 -1
360 428 477 -1 -1
360 428 488 -1 -1
360 429 502 -1 -1
360 431 505 -1 -1
360 432 455 -1 -1
360 432 456 -1 -1
360 432 480 -1 -1
360 432 492 -1 -1
360 432 493 -1 -1
360 433 434 -1 -1
360 433 471 -1 -1
360 433 477 -1 -1
360 444 477 -1 -1
360 444 488 -1 -1
360 445 450 -1 -1
401 427 477 -1 -1
401 427 502 -1 -1
360 450 451 -1 -1
360 452 477 -1 -1
360 456 470 -1 -1
360 456 488 -1 -1
360 460 461 -1 -1
360 460 498 -1 -1
401 428 503 -1 -1
401 429 477 -1 -1
401 429 488 -1 -1
360 462 477 -1 -1
360 469 477 -1 -1
360 470 493 -1 -1
360 471 508 -1 -1
360 475 503 -1 -1
360 477 480 -1 -1
325 431 446 -1 -1
360 488 493 -1 -1
325 435 447 -1 -1
361 362 364 -1 -1
361 362 380 -1 -1
361 362 425 -1 -1
401 445 476 -1 -1
361 362 462 -1 -1
361 362 470 -1 -1
361 362 480 -1 -1
325 445 451 -1 -1
401 455 502 -1 -1
401 455 503 -1 -1
401 456 503 -1 -1
361 370 408 -1 -1
401 466 477 -1 -1
401 466 488 -1 -1
361 371 418 -1 -1
401 480 503 -1 -1
401 492 502 -1 -1
401 492 503 -1 -1
401 493 503 -1 -1
402 403 407 -1 -1
402 403 418 -1 -1
402 408 483 -1 -1
402 411 476 -1 -1
361 384 396 -1 -1
361 384 432 -1 -1
361 384 435 -1 -1
361 384 488 -1 -1
292 293 396 -1 -1
361 407 425 -1 -1
361 407 463 -1 -1
292 298 400 -1 -1
292 298 511 -1 -1
403 408 453 -1 -1
292 300 305 -1 -1
361 434 508 -1 -1
403 418 451 -1 -1
361 440 445 -1 -1
361 445 450 -1 -1
292 305 404 -1 -1
403 424 505 -1 -1
403 431 500 -1 -1
362 363 384 -1 -1
403 434 445 -1 -1
403 438 451 -1 -1
403 445 456 -1 -1
403 445 471 -1 -1
403 445 493 -1 -1
362 384 437 -1 -1
403 468 500 -1 -1
403 505 508 -1 -1
362 398 416 -1 -1
362 398 426 -1 -1
362 398 444 -1 -1
362 398 472 -1 -1
362 399 432 -1 -1
362 399 448 -1 -1
404 421 482 -1 -1
404 425 483 -1 -1
362 420 472 -1 -1
404 426 482 -1 -1
404 426 483 -1 -1
404 439 466 -1 -1
362 435 488 -1 -1
292 335 441 -1 -1
362 436 477 -1 -1
362 436 488 -1 -1
327 335 410 -1 -1
292 340 389 -1 -1
292 340 443 -1 -1
292 340 456 -1 -1
292 340 493 -1 -1
292 340 502 -1 -1
292 340 508 -1 -1
404 462 483 -1 -1
404 463 482 -1 -1
404 463 483 -1 -1
362 466 510 -1 -1
404 483 500 -1 -1
405 406 442 -1 -1
363 370 505 -1 -1
363 381 427 -1 -1
363 381 472 -1 -1
363 381 488 -1 -1
292 356 475 -1 -1
363 396 400 -1 -1
327 357 398 -1 -1
327 357 420 -1 -1
363 396 437 -1 -1
292 361 389 -1 -1
327 357 472 -1 -1
292 362 414 -1 -1
363 399 435 -1 -1
363 399 436 -1 -1
363 400 416 -1 -1
363 400 427 -1 -1
363 400 432 -1 -1
363 400 455 -1 -1
363 400 492 -1 -1
363 400 502 -1 -1
327 367 404 -1 -1
363 411 447 -1 -1
292 380 419 -1 -1
327 394 407 -1 -1
327 394 423 -1 -1
327 394 428 -1 -1
327 394 455 -1 -1
327 394 492 -1 -1
406 409 453 -1 -1
363 437 438 -1 -1
363 437 477 -1 -1
363 437 488 -1 -1
363 437 502 -1 -1
327 403 463 -1 -1
327 406 431 -1 -1
292 389 435 -1 -1
327 406 440 -1 -1
406 416 471 -1 -1
406 416 508 -1 -1
406 423 424 -1 -1
406 423 433 -1 -1
406 423 434 -1 -1
363 472 473 -1 -1
406 423 461 -1 -1
406 423 469 -1 -1
406 423 498 -1 -1
406 424 448 -1 -1
406 424 460 -1 -1
406 424 469 -1 -1
406 424 488 -1 -1
406 427 434 -1 -1
406 427 477 -1 -1
406 428 508 -1 -1
406 429 450 -1 -1
406 429 475 -1 -1
364 365 392 -1 -1
364 365 428 -1 -1
364 365 448 -1 -1
364 365 480 -1 -1
406 433 448 -1 -1
406 433 460 -1 -1
364 366 476 -1 -1
406 434 460 -1 -1
327 423 431 -1 -1
406 438 466 -1 -1
406 438 502 -1 -1
327 423 468 -1 -1
327 424 431 -1 -1
327 424 468 -1 -1
327 424 505 -1 -1
364 373 448 -1 -1
406 445 453 -1 -1
406 446 474 -1 -1
327 431 460 -1 -1
406 448 469 -1 -1
327 437 447 -1 -1
406 450 466 -1 -1
364 380 502 -1 -1
364 380 503 -1 -1
364 381 474 -1 -1
406 455 477 -1 -1
327 438 440 -1 -1
364 384 433 -1 -1
364 384 435 -1 -1
406 456 476 -1 -1
406 456 477 -1 -1
406 460 461 -1 -1
406 460 469 -1 -1
406 460 498 -1 -1
406 461 469 -1 -1
406 461 488 -1 -1
406 461 502 -1 -1
364 389 390 -1 -1
406 466 475 -1 -1
406 469 498 -1 -1
406 470 477 -1 -1
364 392 402 -1 -1
364 392 411 -1 -1
364 392 503 -1 -1
364 394 468 -1 -1
364 396 401 -1 -1
364 396 434 -1 -1
364 396 471 -1 -1
364 396 508 -1 -1
406 475 502 -1 -1
406 476 477 -1 -1
406 476 493 -1 -1
406 477 492 -1 -1
406 477 493 -1 -1
364 398 418 -1 -1
327 460 468 -1 -1
406 480 488 -1 -1
406 480 502 -1 -1
406 488 498 -1 -1
364 401 416 -1 -1
364 401 427 -1 -1
364 401 432 -1 -1
364 401 455 -1 -1
407 409 431 -1 -1
364 401 488 -1 -1
364 401 492 -1 -1
364 401 502 -1 -1
407 409 468 -1 -1
364 402 448 -1 -1
364 402 480 -1 -1
407 414 419 -1 -1
364 406 423 -1 -1
364 406 460 -1 -1
364 406 477 -1 -1
364 406 488 -1 -1
364 406 502 -1 -1
364 407 466 -1 -1
407 420 503 -1 -1
407 423 480 -1 -1
407 423 503 -1 -1
407 424 448 -1 -1
407 425 477 -1 -1
407 427 429 -1 -1
407 427 466 -1 -1
407 429 455 -1 -1
407 429 456 -1 -1
407 429 472 -1 -1
407 429 492 -1 -1
407 429 493 -1 -1
328 330 463 -1 -1
407 433 466 -1 -1
407 438 503 -1 -1
364 416 456 -1 -1
364 416 493 -1 -1
407 445 477 -1 -1
364 418 472 -1 -1
407 448 477 -1 -1
364 421 426 -1 -1
364 421 443 -1 -1
364 423 427 -1 -1
364 423 438 -1 -1
364 423 502 -1 -1
364 424 434 -1 -1
364 424 471 -1 -1
364 425 443 -1 -1
364 425 477 -1 -1
407 452 480 -1 -1
364 426 500 -1 -1
364 427 428 -1 -1
407 455 466 -1 -1
364 427 460 -1 -1
364 427 477 -1 -1
364 427 488 -1 -1
407 456 466 -1 -1
364 428 429 -1 -1
364 428 466 -1 -1
364 429 466 -1 -1
364 432 438 -1 -1
407 460 480 -1 -1
364 434 461 -1 -1
407 460 503 -1 -1
364 434 498 -1 -1
407 462 477 -1 -1
407 466 472 -1 -1
407 466 492 -1 -1
407 466 493 -1 -1
407 470 480 -1 -1
364 438 460 -1 -1
364 443 462 -1 -1
364 443 500 -1 -1
407 475 503 -1 -1
407 480 488 -1 -1
364 450 466 -1 -1
364 452 477 -1 -1
408 409 423 -1 -1
408 409 424 -1 -1
408 409 434 -1 -1
364 456 469 -1 -1
408 409 460 -1 -1
408 409 461 -1 -1
408 409 469 -1 -1
408 409 476 -1 -1
408 409 498 -1 -1
364 460 502 -1 -1
364 461 471 -1 -1
408 410 450 -1 -1
364 462 477 -1 -1
364 469 493 -1 -1
364 471 498 -1 -1
293 299 438 -1 -1
364 477 502 -1 -1
364 478 482 -1 -1
364 478 483 -1 -1
293 300 433 -1 -1
293 300 443 -1 -1
364 488 502 -1 -1
408 416 423 -1 -1
408 416 425 -1 -1
408 416 428 -1 -1
408 416 434 -1 -1
408 416 460 -1 -1
408 424 426 -1 -1
328 360 364 -1 -1
408 426 480 -1 -1
408 426 498 -1 -1
408 427 432 -1 -1
408 432 480 -1 -1
365 372 441 -1 -1
408 439 441 -1 -1
328 364 427 -1 -1
328 364 455 -1 -1
328 364 492 -1 -1
408 448 455 -1 -1
408 448 456 -1 -1
408 448 492 -1 -1
408 448 493 -1 -1
328 373 404 -1 -1
408 451 502 -1 -1
408 451 503 -1 -1
408 461 471 -1 -1
365 392 476 -1 -1
328 394 476 -1 -1
409 416 477 -1 -1
409 418 444 -1 -1
293 325 334 -1 -1
409 420 440 -1 -1
365 401 403 -1 -1
365 402 403 -1 -1
365 403 407 -1 -1
365 403 427 -1 -1
365 403 438 -1 -1
365 403 475 -1 -1
409 425 453 -1 -1
365 408 483 -1 -1
409 428 453 -1 -1
293 329 371 -1 -1
409 429 446 -1 -1
293 329 480 -1 -1
293 329 502 -1 -1
409 431 463 -1 -1
409 431 500 -1 -1
409 434 453 -1 -1
409 439 478 -1 -1
409 446 466 -1 -1
409 453 462 -1 -1
409 453 469 -1 -1
328 421 441 -1 -1
328 425 441 -1 -1
409 455 477 -1 -1
409 463 468 -1 -1
409 463 505 -1 -1
409 468 500 -1 -1
328 432 441 -1 -1
409 477 492 -1 -1
328 440 505 -1 -1
328 441 452 -1 -1
409 482 483 -1 -1
328 441 462 -1 -1
328 441 463 -1 -1
328 441 500 -1 -1
409 500 505 -1 -1
328 468 476 -1 -1
328 476 505 -1 -1
293 349 500 -1 -1
293 352 450 -1 -1
366 380 477 -1 -1
260 261 370 -1 -1
260 261 450 -1 -1
366 386 477 -1 -1
366 403 431 -1 -1
366 403 445 -1 -1
366 404 463 -1 -1
411 418 450 -1 -1
329 360 440 -1 -1
329 360 477 -1 -1
293 373 397 -1 -1
293 373 456 -1 -1
293 373 471 -1 -1
293 373 493 -1 -1
366 416 440 -1 -1
329 364 476 -1 -1
411 424 450 -1 -1
411 429 431 -1 -1
411 431 466 -1 -1
411 431 502 -1 -1
366 425 440 -1 -1
366 432 440 -1 -1
366 440 455 -1 -1
366 440 462 -1 -1
366 440 469 -1 -1
366 440 480 -1 -1
366 440 492 -1 -1
411 450 480 -1 -1
411 450 498 -1 -1
411 451 469 -1 -1
293 389 443 -1 -1
329 396 404 -1 -1
329 397 404 -1 -1
411 502 505 -1 -1
411 503 505 -1 -1
366 477 498 -1 -1
329 408 440 -1 -1
228 265 386 -1 -1
329 440 476 -1 -1
367 404 440 -1 -1
329 461 477 -1 -1
329 476 477 -1 -1
330 337 428 -1 -1
330 337 429 -1 -1
293 476 483 -1 -1
330 352 472 -1 -1
330 357 389 -1 -1
330 365 372 -1 -1
330 365 426 -1 -1
330 365 443 -1 -1
330 365 500 -1 -1
330 366 373 -1 -1
330 368 441 -1 -1
368 405 407 -1 -1
368 406 479 -1 -1
330 402 443 -1 -1
330 409 483 -1 -1
330 431 482 -1 -1
330 440 483 -1 -1
330 441 479 -1 -1
369 370 423 -1 -1
369 370 424 -1 -1
369 370 460 -1 -1
330 452 483 -1 -1
330 468 483 -1 -1
330 483 505 -1 -1
369 381 463 -1 -1
369 400 470 -1 -1
369 406 469 -1 -1
369 407 423 -1 -1
369 407 448 -1 -1
369 407 460 -1 -1
369 408 448 -1 -1
369 409 443 -1 -1
369 428 474 -1 -1
369 434 474 -1 -1
369 437 468 -1 -1
369 447 468 -1 -1
369 455 474 -1 -1
369 470 511 -1 -1
369 471 474 -1 -1
369 474 492 -1 -1
331 368 400 -1 -1
331 368 474 -1 -1
331 368 511 -1 -1
370 392 400 -1 -1
370 399 408 -1 -1
370 400 503 -1 -1
370 407 469 -1 -1
370 407 508 -1 -1
331 405 407 -1 -1
370 408 436 -1 -1
370 409 450 -1 -1
331 406 479 -1 -1
370 435 511 -1 -1
370 448 474 -1 -1
370 448 511 -1 -1
370 472 474 -1 -1
370 472 511 -1 -1
370 474 477 -1 -1
370 474 488 -1 -1
370 477 511 -1 -1
370 488 511 -1 -1
371 373 450 -1 -1
371 380 447 -1 -1
371 380 468 -1 -1
371 386 394 -1 -1
371 386 468 -1 -1
371 386 505 -1 -1
371 394 451 -1 -1
371 398 443 -1 -1
371 407 444 -1 -1
371 424 502 -1 -1
371 429 440 -1 -1
371 431 451 -1 -1
371 440 466 -1 -1
371 443 469 -1 -1
371 443 475 -1 -1
371 444 471 -1 -1
371 444 508 -1 -1
371 451 452 -1 -1
371 451 468 -1 -1
371 451 505 -1 -1
371 471 480 -1 -1
371 471 502 -1 -1
371 471 503 -1 -1
371 480 508 -1 -1
371 503 508 -1 -1
372 373 468 -1 -1
372 373 505 -1 -1
332 360 474 -1 -1
332 360 511 -1 -1
295 327 389 -1 -1
372 381 394 -1 -1
372 392 453 -1 -1
332 372 394 -1 -1
332 372 431 -1 -1
332 372 468 -1 -1
295 337 357 -1 -1
372 402 441 -1 -1
332 380 443 -1 -1
372 408 443 -1 -1
372 411 426 -1 -1
332 398 408 -1 -1
332 407 416 -1 -1
332 408 477 -1 -1
332 409 450 -1 -1
332 409 480 -1 -1
372 426 446 -1 -1
295 349 399 -1 -1
372 432 446 -1 -1
295 352 416 -1 -1
295 352 476 -1 -1
295 352 477 -1 -1
295 356 440 -1 -1
332 440 447 -1 -1
332 444 446 -1 -1
332 444 448 -1 -1
373 380 425 -1 -1
373 380 462 -1 -1
373 380 466 -1 -1
373 386 476 -1 -1
196 231 337 -1 -1
373 403 448 -1 -1
373 403 469 -1 -1
373 404 434 -1 -1
373 404 482 -1 -1
373 404 488 -1 -1
373 406 476 -1 -1
373 423 476 -1 -1
373 426 440 -1 -1
373 434 476 -1 -1
373 440 463 -1 -1
295 384 441 -1 -1
295 384 482 -1 -1
373 452 480 -1 -1
373 453 478 -1 -1
373 460 476 -1 -1
373 461 476 -1 -1
373 476 498 -1 -1
373 476 508 -1 -1
374 375 404 -1 -1
295 402 408 -1 -1
333 360 416 -1 -1
333 360 427 -1 -1
333 360 455 -1 -1
333 360 456 -1 -1
333 360 492 -1 -1
333 360 493 -1 -1
333 360 502 -1 -1
295 408 482 -1 -1
374 411 466 -1 -1
295 435 482 -1 -1
333 384 502 -1 -1
333 407 436 -1 -1
333 418 432 -1 -1
196 283 292 -1 -1
333 424 443 -1 -1
333 432 508 -1 -1
333 434 488 -1 -1
333 443 469 -1 -1
196 292 362 -1 -1
196 295 332 -1 -1
196 299 427 -1 -1
196 299 480 -1 -1
196 299 502 -1 -1
196 300 329 -1 -1
196 300 364 -1 -1
196 300 366 -1 -1
196 300 401 -1 -1
196 300 482 -1 -1
196 305 505 -1 -1
296 332 455 -1 -1
296 332 456 -1 -1
296 332 492 -1 -1
296 332 493 -1 -1
296 333 427 -1 -1
296 334 503 -1 -1
334 360 436 -1 -1
334 364 473 -1 -1
334 369 399 -1 -1
334 370 437 -1 -1
196 327 401 -1 -1
196 327 432 -1 -1
196 327 469 -1 -1
334 384 472 -1 -1
196 335 392 -1 -1
196 335 428 -1 -1
334 398 399 -1 -1
334 398 470 -1 -1
334 398 510 -1 -1
334 399 463 -1 -1
196 337 433 -1 -1
334 406 510 -1 -1
296 361 398 -1 -1
334 420 472 -1 -1
296 370 386 -1 -1
296 370 480 -1 -1
334 434 473 -1 -1
334 435 436 -1 -1
196 356 418 -1 -1
196 356 471 -1 -1
196 356 498 -1 -1
196 359 397 -1 -1
196 359 408 -1 -1
334 463 510 -1 -1
334 471 473 -1 -1
196 370 381 -1 -1
296 399 420 -1 -1
296 399 433 -1 -1
296 399 477 -1 -1
196 373 410 -1 -1
335 344 470 -1 -1
335 344 472 -1 -1
335 344 510 -1 -1
377 443 478 -1 -1
196 380 476 -1 -1
196 380 498 -1 -1
196 384 453 -1 -1
196 392 406 -1 -1
196 394 420 -1 -1
196 394 421 -1 -1
196 394 425 -1 -1
196 394 426 -1 -1
196 394 462 -1 -1
196 394 463 -1 -1
196 394 500 -1 -1
335 356 456 -1 -1
335 356 462 -1 -1
335 356 471 -1 -1
335 356 493 -1 -1
335 357 419 -1 -1
296 418 443 -1 -1
196 403 420 -1 -1
196 403 453 -1 -1
196 406 410 -1 -1
230 283 302 -1 -1
196 409 451 -1 -1
196 410 429 -1 -1
196 411 420 -1 -1
196 411 425 -1 -1
335 364 436 -1 -1
196 411 462 -1 -1
196 411 463 -1 -1
335 364 472 -1 -1
196 420 431 -1 -1
196 420 468 -1 -1
196 420 505 -1 -1
196 421 431 -1 -1
196 421 468 -1 -1
196 421 505 -1 -1
196 425 431 -1 -1
196 425 468 -1 -1
196 426 505 -1 -1
196 427 453 -1 -1
196 431 462 -1 -1
196 431 463 -1 -1
196 432 453 -1 -1
196 440 453 -1 -1
196 447 474 -1 -1
196 453 455 -1 -1
196 453 502 -1 -1
196 462 468 -1 -1
196 463 468 -1 -1
296 435 473 -1 -1
296 436 472 -1 -1
296 450 473 -1 -1
296 473 502 -1 -1
378 415 421 -1 -1
378 415 470 -1 -1
335 394 433 -1 -1
335 433 468 -1 -1
335 433 505 -1 -1
335 440 473 -1 -1
335 476 510 -1 -1
230 329 413 -1 -1
379 380 427 -1 -1
379 380 434 -1 -1
297 322 327 -1 -1
336 365 370 -1 -1
336 370 402 -1 -1
336 370 480 -1 -1
297 334 416 -1 -1
297 334 455 -1 -1
297 334 480 -1 -1
297 334 492 -1 -1
297 344 392 -1 -1
380 381 502 -1 -1
380 392 503 -1 -1
380 394 440 -1 -1
380 396 397 -1 -1
380 396 406 -1 -1
380 396 434 -1 -1
380 396 469 -1 -1
380 396 471 -1 -1
380 396 477 -1 -1
380 396 508 -1 -1
380 401 466 -1 -1
380 406 416 -1 -1
380 407 434 -1 -1
380 407 471 -1 -1
380 407 508 -1 -1
297 370 407 -1 -1
297 372 440 -1 -1
337 344 371 -1 -1
337 344 445 -1 -1
297 380 450 -1 -1
297 380 451 -1 -1
380 416 434 -1 -1
380 416 461 -1 -1
380 416 471 -1 -1
380 416 498 -1 -1
380 416 508 -1 -1
380 418 461 -1 -1
380 418 498 -1 -1
380 420 432 -1 -1
380 420 488 -1 -1
380 423 424 -1 -1
380 423 434 -1 -1
380 423 461 -1 -1
380 423 498 -1 -1
380 424 448 -1 -1
380 424 450 -1 -1
380 424 460 -1 -1
380 424 469 -1 -1
297 397 480 -1 -1
380 427 477 -1 -1
380 428 438 -1 -1
380 428 455 -1 -1
380 428 456 -1 -1
380 428 475 -1 -1
380 428 492 -1 -1
380 428 493 -1 -1
380 429 502 -1 -1
380 431 440 -1 -1
380 431 505 -1 -1
380 432 477 -1 -1
380 432 488 -1 -1
297 402 414 -1 -1
380 433 500 -1 -1
380 434 460 -1 -1
380 434 469 -1 -1
380 438 448 -1 -1
297 406 411 -1 -1
380 440 468 -1 -1
297 406 453 -1 -1
297 407 453 -1 -1
380 443 461 -1 -1
380 443 498 -1 -1
380 447 505 -1 -1
380 453 505 -1 -1
380 455 477 -1 -1
380 455 488 -1 -1
380 456 477 -1 -1
380 460 461 -1 -1
380 460 498 -1 -1
380 462 477 -1 -1
380 466 502 -1 -1
380 468 505 -1 -1
380 469 498 -1 -1
380 477 492 -1 -1
380 477 493 -1 -1
380 478 482 -1 -1
380 478 483 -1 -1
380 480 502 -1 -1
380 488 492 -1 -1
297 431 451 -1 -1
381 384 400 -1 -1
381 384 437 -1 -1
381 384 474 -1 -1
337 374 421 -1 -1
337 374 425 -1 -1
381 392 511 -1 -1
337 374 462 -1 -1
337 374 463 -1 -1
381 399 436 -1 -1
297 444 508 -1 -1
297 445 453 -1 -1
381 400 443 -1 -1
381 400 488 -1 -1
381 400 502 -1 -1
381 401 407 -1 -1
337 380 441 -1 -1
297 450 503 -1 -1
297 451 452 -1 -1
297 451 468 -1 -1
297 451 505 -1 -1
381 407 420 -1 -1
381 407 438 -1 -1
381 408 416 -1 -1
381 408 418 -1 -1
297 469 503 -1 -1
297 472 480 -1 -1
337 396 478 -1 -1
297 503 508 -1 -1
337 403 453 -1 -1
337 406 441 -1 -1
381 437 438 -1 -1
381 437 455 -1 -1
381 437 462 -1 -1
381 437 480 -1 -1
381 437 492 -1 -1
381 438 511 -1 -1
337 408 478 -1 -1
381 443 474 -1 -1
381 443 511 -1 -1
381 445 451 -1 -1
381 446 447 -1 -1
381 452 474 -1 -1
381 474 488 -1 -1
381 474 502 -1 -1
197 292 323 -1 -1
337 424 478 -1 -1
337 432 441 -1 -1
337 438 478 -1 -1
337 441 455 -1 -1
337 441 469 -1 -1
337 441 492 -1 -1
164 210 392 -1 -1
164 210 427 -1 -1
337 448 478 -1 -1
337 461 478 -1 -1
337 478 498 -1 -1
338 365 375 -1 -1
338 375 392 -1 -1
338 375 401 -1 -1
338 375 402 -1 -1
338 375 407 -1 -1
338 375 418 -1 -1
338 375 427 -1 -1
298 333 468 -1 -1
298 333 505 -1 -1
338 375 502 -1 -1
263 348 423 -1 -1
298 421 437 -1 -1
263 375 377 -1 -1
263 375 419 -1 -1
164 312 362 -1 -1
299 327 429 -1 -1
299 327 466 -1 -1
299 328 403 -1 -1
299 328 404 -1 -1
340 373 429 -1 -1
340 373 466 -1 -1
299 340 429 -1 -1
299 340 466 -1 -1
299 344 380 -1 -1
299 344 407 -1 -1
340 401 483 -1 -1
299 352 381 -1 -1
340 427 478 -1 -1
340 429 483 -1 -1
299 359 389 -1 -1
299 364 392 -1 -1
299 364 428 -1 -1
299 371 450 -1 -1
299 372 468 -1 -1
299 372 505 -1 -1
299 373 374 -1 -1
299 380 386 -1 -1
299 380 403 -1 -1
299 380 425 -1 -1
299 380 462 -1 -1
340 466 483 -1 -1
340 475 483 -1 -1
299 386 403 -1 -1
299 386 476 -1 -1
299 389 409 -1 -1
232 295 483 -1 -1
232 299 432 -1 -1
299 403 448 -1 -1
299 404 434 -1 -1
299 404 482 -1 -1
299 404 488 -1 -1
299 407 441 -1 -1
232 322 335 -1 -1
341 378 426 -1 -1
341 378 477 -1 -1
299 434 476 -1 -1
299 440 463 -1 -1
299 441 445 -1 -1
299 452 480 -1 -1
299 453 478 -1 -1
299 460 476 -1 -1
299 461 476 -1 -1
299 476 498 -1 -1
299 476 508 -1 -1
264 301 360 -1 -1
264 301 423 -1 -1
264 301 460 -1 -1
341 415 420 -1 -1
232 335 418 -1 -1
300 310 315 -1 -1
232 337 384 -1 -1
300 322 344 -1 -1
342 346 366 -1 -1
300 322 404 -1 -1
300 328 330 -1 -1
232 361 511 -1 -1
232 363 401 -1 -1
232 363 408 -1 -1
232 363 432 -1 -1
232 363 435 -1 -1
232 363 455 -1 -1
232 363 472 -1 -1
232 363 502 -1 -1
232 364 437 -1 -1
264 329 375 -1 -1
232 370 400 -1 -1
232 373 381 -1 -1
232 373 471 -1 -1
300 344 462 -1 -1
300 344 463 -1 -1
300 357 389 -1 -1
232 384 470 -1 -1
300 364 441 -1 -1
232 399 510 -1 -1
232 400 427 -1 -1
232 400 455 -1 -1
232 400 492 -1 -1
232 427 437 -1 -1
232 435 474 -1 -1
232 437 475 -1 -1
232 437 503 -1 -1
232 455 511 -1 -1
232 460 511 -1 -1
232 472 474 -1 -1
232 474 488 -1 -1
232 492 511 -1 -1
264 366 375 -1 -1
300 427 441 -1 -1
300 431 483 -1 -1
300 441 455 -1 -1
300 441 488 -1 -1
300 441 492 -1 -1
199 216 324 -1 -1
300 468 483 -1 -1
301 311 377 -1 -1
233 270 392 -1 -1
233 270 503 -1 -1
301 338 365 -1 -1
301 338 392 -1 -1
301 338 401 -1 -1
301 338 402 -1 -1
301 338 502 -1 -1
344 369 408 -1 -1
344 371 394 -1 -1
344 371 468 -1 -1
344 373 407 -1 -1
344 380 447 -1 -1
301 353 370 -1 -1
344 394 445 -1 -1
344 394 451 -1 -1
344 396 416 -1 -1
344 407 431 -1 -1
344 407 505 -1 -1
344 408 437 -1 -1
344 416 427 -1 -1
344 416 432 -1 -1
344 416 455 -1 -1
344 416 456 -1 -1
344 416 469 -1 -1
344 416 492 -1 -1
344 416 493 -1 -1
344 418 427 -1 -1
344 418 503 -1 -1
344 423 503 -1 -1
344 429 440 -1 -1
344 439 440 -1 -1
344 440 466 -1 -1
344 443 475 -1 -1
344 445 468 -1 -1
344 445 505 -1 -1
344 451 468 -1 -1
344 460 503 -1 -1
344 469 503 -1 -1
344 480 508 -1 -1
345 356 387 -1 -1
265 315 415 -1 -1
265 378 510 -1 -1
234 271 365 -1 -1
234 306 406 -1 -1
234 307 371 -1 -1
347 352 505 -1 -1
266 275 293 -1 -1
234 345 346 -1 -1
200 237 305 -1 -1
200 237 360 -1 -1
200 237 425 -1 -1
200 237 428 -1 -1
200 237 432 -1 -1
200 237 452 -1 -1
200 237 462 -1 -1
200 237 469 -1 -1
349 361 389 -1 -1
200 310 403 -1 -1
200 310 440 -1 -1
349 380 390 -1 -1
349 386 389 -1 -1
349 389 427 -1 -1
349 389 452 -1 -1
349 390 397 -1 -1
349 390 428 -1 -1
349 390 444 -1 -1
304 311 368 -1 -1
304 311 405 -1 -1
349 404 420 -1 -1
349 441 451 -1 -1
267 302 333 -1 -1
267 302 420 -1 -1
267 341 403 -1 -1
305 322 397 -1 -1
305 323 357 -1 -1
236 273 327 -1 -1
305 332 362 -1 -1
305 332 406 -1 -1
305 342 409 -1 -1
305 344 451 -1 -1
236 297 311 -1 -1
305 359 396 -1 -1
305 359 416 -1 -1
305 359 420 -1 -1
305 359 455 -1 -1
305 359 469 -1 -1
305 359 492 -1 -1
305 364 503 -1 -1
305 374 411 -1 -1
305 379 380 -1 -1
305 379 423 -1 -1
305 379 460 -1 -1
305 379 488 -1 -1
305 379 502 -1 -1
305 394 447 -1 -1
305 396 432 -1 -1
305 396 471 -1 -1
305 397 423 -1 -1
305 397 460 -1 -1
305 397 488 -1 -1
305 397 502 -1 -1
305 401 477 -1 -1
305 401 498 -1 -1
305 403 423 -1 -1
305 403 460 -1 -1
305 406 500 -1 -1
305 407 456 -1 -1
305 407 493 -1 -1
305 416 423 -1 -1
305 416 434 -1 -1
305 416 460 -1 -1
305 416 471 -1 -1
305 420 470 -1 -1
305 423 424 -1 -1
305 423 432 -1 -1
305 423 460 -1 -1
305 423 461 -1 -1
305 423 470 -1 -1
305 424 455 -1 -1
305 424 460 -1 -1
305 424 469 -1 -1
305 424 492 -1 -1
305 427 443 -1 -1
305 427 475 -1 -1
268 270 466 -1 -1
305 432 460 -1 -1
305 432 470 -1 -1
305 432 477 -1 -1
305 433 438 -1 -1
305 433 440 -1 -1
305 433 455 -1 -1
305 433 456 -1 -1
305 433 475 -1 -1
305 433 492 -1 -1
305 433 493 -1 -1
305 434 502 -1 -1
305 440 488 -1 -1
305 443 456 -1 -1
305 443 493 -1 -1
305 447 505 -1 -1
305 450 470 -1 -1
305 450 477 -1 -1
305 455 470 -1 -1
305 460 461 -1 -1
305 460 470 -1 -1
305 461 502 -1 -1
305 469 470 -1 -1
305 470 492 -1 -1
305 475 488 -1 -1
305 477 482 -1 -1
305 498 502 -1 -1
306 308 396 -1 -1
306 308 427 -1 -1
306 308 433 -1 -1
306 308 452 -1 -1
306 308 462 -1 -1
306 308 502 -1 -1
268 302 341 -1 -1
268 344 406 -1 -1
268 344 443 -1 -1
268 344 463 -1 -1
307 308 357 -1 -1
202 239 332 -1 -1
202 239 333 -1 -1
269 270 332 -1 -1
269 270 411 -1 -1
308 343 392 -1 -1
308 343 427 -1 -1
308 343 434 -1 -1
238 305 349 -1 -1
238 349 364 -1 -1
238 349 502 -1 -1
203 240 361 -1 -1
203 240 364 -1 -1
203 240 380 -1 -1
203 240 425 -1 -1
203 240 462 -1 -1
203 240 470 -1 -1
203 240 480 -1 -1
270 297 357 -1 -1
270 298 322 -1 -1
270 298 424 -1 -1
270 298 460 -1 -1
270 298 461 -1 -1
270 298 498 -1 -1
270 325 334 -1 -1
310 311 407 -1 -1
270 333 437 -1 -1
270 342 399 -1 -1
270 342 473 -1 -1
239 276 443 -1 -1
239 276 476 -1 -1
270 356 371 -1 -1
270 356 447 -1 -1
270 362 397 -1 -1
270 362 424 -1 -1
270 362 471 -1 -1
270 362 480 -1 -1
270 371 372 -1 -1
270 371 403 -1 -1
270 371 431 -1 -1
270 371 468 -1 -1
239 313 397 -1 -1
239 313 470 -1 -1
239 313 498 -1 -1
239 313 508 -1 -1
270 408 426 -1 -1
311 320 375 -1 -1
271 308 471 -1 -1
312 349 363 -1 -1
204 317 443 -1 -1
169 333 410 -1 -1
135 196 345 -1 -1
135 196 382 -1 -1
204 383 428 -1 -1
204 383 503 -1 -1
313 341 355 -1 -1
273 295 322 -1 -1
273 297 337 -1 -1
315 400 442 -1 -1
315 407 442 -1 -1
315 442 474 -1 -1
315 442 511 -1 -1
206 263 477 -1 -1
206 295 442 -1 -1
104 140 207 -1 -1
243 280 364 -1 -1
243 280 502 -1 -1
274 320 377 -1 -1
206 398 478 -1 -1
206 472 478 -1 -1
318 387 419 -1 -1
246 360 374 -1 -1
138 175 296 -1 -1
138 175 502 -1 -1
5 17 96 -1 -1
211 248 253 -1 -1
176 199 367 -1 -1
176 230 451 -1 -1
176 275 398 -1 -1
176 275 473 -1 -1
283 305 340 -1 -1
284 338 423 -1 -1
284 338 460 -1 -1
284 338 502 -1 -1
253 337 369 -1 -1
253 337 510 -1 -1
253 347 480 -1 -1
253 411 419 -1 -1
253 411 473 -1 -1
177 343 482 -1 -1
177 365 366 -1 -1
177 366 402 -1 -1
40 114 346 -1 -1
216 237 304 -1 -1
216 305 451 -1 -1
216 311 334 -1 -1
216 312 442 -1 -1
216 317 407 -1 -1
216 317 439 -1 -1
216 332 437 -1 -1
216 333 400 -1 -1
216 338 347 -1 -1
216 354 361 -1 -1
216 354 436 -1 -1
216 356 408 -1 -1
216 357 359 -1 -1
216 360 410 -1 -1
216 360 426 -1 -1
216 365 445 -1 -1
216 394 408 -1 -1
216 396 410 -1 -1
216 402 408 -1 -1
216 408 438 -1 -1
216 408 447 -1 -1
216 408 452 -1 -1
216 416 439 -1 -1
216 423 471 -1 -1
216 424 471 -1 -1
216 431 453 -1 -1
216 436 461 -1 -1
216 436 498 -1 -1
216 438 471 -1 -1
216 453 468 -1 -1
216 469 471 -1 -1
216 493 510 -1 -1
218 255 376 -1 -1
183 220 341 -1 -1
188 283 319 -1 -1
122 159 280 -1 -1
