402 -1 -1 -1 -1
427 -1 -1 -1 -1
438 -1 -1 -1 -1
455 -1 -1 -1 -1
457 -1 -1 -1 -1
458 -1 -1 -1 -1
459 -1 -1 -1 -1
464 -1 -1 -1 -1
480 -1 -1 -1 -1
487 -1 -1 -1 -1
489 -1 -1 -1 -1
490 -1 -1 -1 -1
494 -1 -1 -1 -1
495 -1 -1 -1 -1
496 -1 -1 -1 -1
506 -1 -1 -1 -1
485 488 -1 -1 -1
491 493 -1 -1 -1
497 498 -1 -1 -1
420 472 -1 -1 -1
352 365 -1 -1 -1
423 450 -1 -1 -1
423 460 -1 -1 -1
423 462 -1 -1 -1
424 461 -1 -1 -1
388 394 -1 -1 -1
425 426 -1 -1 -1
425 463 -1 -1 -1
388 468 -1 -1 -1
388 505 -1 -1 -1
430 431 -1 -1 -1
391 397 -1 -1 -1
432 470 -1 -1 -1
391 428 -1 -1 -1
433 475 -1 -1 -1
391 502 -1 -1 -1
392 466 -1 -1 -1
452 453 -1 -1 -1
393 410 -1 -1 -1
393 504 -1 -1 -1
456 465 -1 -1 -1
437 474 -1 -1 -1
456 492 -1 -1 -1
399 436 -1 -1 -1
444 448 -1 -1 -1
444 503 -1 -1 -1
400 511 -1 -1 -1
408 446 -1 -1 -1
296 324 -1 -1 -1
329 469 -1 -1 -1
298 409 -1 -1 -1
268 434 -1 -1 -1
269 429 -1 -1 -1
361 398 -1 -1 -1
369 395 -1 -1 -1
375 412 -1 -1 -1
238 367 -1 -1 -1
278 441 -1 -1 -1
384 416 509 -1 -1
484 499 500 -1 -1
418 445 447 -1 -1
419 443 482 -1 -1
386 387 501 -1 -1
288 304 411 -1 -1
396 401 467 -1 -1
396 401 507 -1 -1
396 440 451 -1 -1
288 334 404 -1 -1
224 273 368 -1 -1
359 360 421 -1 -1
379 380 381 -1 -1
327 335 435 -1 -1
327 357 364 -1 -1
328 342 389 -1 -1
328 342 477 -1 -1
292 356 508 -1 -1
292 478 483 -1 -1
261 276 347 -1 -1
261 276 370 -1 -1
297 301 323 -1 -1
297 366 473 -1 -1
229 250 320 -1 -1
299 336 363 -1 -1
300 339 341 -1 -1
230 303 362 -1 -1
231 232 343 -1 -1
266 302 378 -1 -1
306 331 405 -1 -1
231 274 310 -1 -1
231 281 282 -1 -1
306 406 476 -1 -1
233 293 308 -1 -1
237 313 349 -1 -1
284 322 344 -1 -1
340 377 390 479 -1
332 354 355 377 -1
305 390 403 439 -1
305 337 390 415 -1
280 345 346 374 -1
277 337 351 510 -1
275 330 355 403 -1
270 325 345 383 -1
267 354 355 376 -1
264 265 283 471 -1
264 373 449 486 -1
264 315 316 407 -1
263 265 439 471 -1
262 325 390 422 -1
259 291 337 385 -1
255 263 373 377 -1
255 263 377 471 -1
253 264 317 390 -1
249 286 373 374 -1
247 283 333 372 -1
247 312 333 442 -1
246 283 403 415 -1
244 319 326 486 -1
241 265 316 338 -1
236 333 376 414 -1
236 315 348 414 -1
236 247 353 403 -1
225 236 241 372 -1
225 255 307 330 -1
218 245 260 353 -1
214 236 253 315 -1
213 272 340 415 -1
210 290 325 377 -1
210 340 414 471 -1
210 267 295 371 -1
209 338 371 510 -1
209 264 332 471 -1
207 244 264 283 -1
206 214 263 333 -1
204 225 295 340 -1
204 241 246 295 -1
204 241 246 333 -1
204 214 283 345 -1
203 204 210 351 -1
202 239 240 510 -1
201 225 312 372 -1
201 239 337 373 -1
201 211 248 325 -1
199 225 340 377 -1
199 225 403 442 -1
199 225 403 479 -1
199 209 376 442 -1
199 209 413 442 -1
198 199 236 243 -1
198 265 272 332 -1
198 272 332 377 -1
198 256 267 283 -1
197 345 348 407 -1
197 260 338 439 -1
197 199 260 413 -1
197 270 353 373 -1
197 270 353 374 -1
197 201 253 256 -1
194 202 259 287 -1
192 213 270 382 -1
183 213 225 309 -1
173 263 275 407 -1
173 198 275 383 -1
173 210 312 510 -1
172 175 192 285 -1
171 213 317 337 -1
171 213 317 439 -1
170 312 340 439 -1
170 289 312 326 -1
170 277 340 351 -1
170 210 264 338 -1
170 213 307 372 -1
167 246 260 316 -1
167 202 255 471 -1
152 170 279 479 -1
151 152 188 309 -1
146 212 345 346 -1
144 201 330 510 -1
143 258 264 311 -1
141 148 196 221 -1
140 141 199 413 -1
137 197 214 236 -1
136 137 170 305 -1
136 137 305 413 -1
128 198 199 216 -1
124 176 208 295 -1
114 121 163 351 -1
114 208 260 314 -1
