402 -1 -1 -1 -1 
457 -1 -1 -1 -1 
489 -1 -1 -1 -1 
490 -1 -1 -1 -1 
494 -1 -1 -1 -1 
495 -1 -1 -1 -1 
506 -1 -1 -1 -1 
452 453 -1 -1 -1 
456 493 -1 -1 -1 
388 468 -1 -1 -1 
461 498 -1 -1 -1 
424 461 -1 -1 -1 
391 428 -1 -1 -1 
472 509 -1 -1 -1 
400 511 -1 -1 -1 
328 365 366 -1 -1 
450 451 453 493 -1 
421 456 510 511 -1 
388 453 484 499 -1 
388 452 484 499 -1 
388 425 452 484 -1 
388 425 452 499 -1 
388 425 453 484 -1 
367 441 484 492 -1 
367 425 441 456 -1 
367 425 441 493 -1 
347 352 456 505 -1 
347 352 493 505 -1 
330 360 397 404 -1 
