402 -1 -1 -1 -1 
457 -1 -1 -1 -1 
458 -1 -1 -1 -1 
480 -1 -1 -1 -1 
487 -1 -1 -1 -1 
489 -1 -1 -1 -1 
490 -1 -1 -1 -1 
494 -1 -1 -1 -1 
495 -1 -1 -1 -1 
506 -1 -1 -1 -1 
485 488 -1 -1 -1 
452 453 -1 -1 -1 
456 493 -1 -1 -1 
461 498 -1 -1 -1 
462 484 -1 -1 -1 
462 488 -1 -1 -1 
462 499 -1 -1 -1 
423 460 -1 -1 -1 
424 461 -1 -1 -1 
425 462 -1 -1 -1 
391 428 -1 -1 -1 
472 509 -1 -1 -1 
392 466 -1 -1 -1 
393 430 -1 -1 -1 
393 504 -1 -1 -1 
394 505 -1 -1 -1 
437 474 -1 -1 -1 
400 511 -1 -1 -1 
357 452 -1 -1 -1 
357 453 -1 -1 -1 
373 410 -1 -1 -1 
400 473 510 -1 -1 
452 467 484 -1 -1 
452 467 499 -1 -1 
452 477 482 -1 -1 
453 467 484 -1 -1 
453 467 499 -1 -1 
453 477 482 -1 -1 
430 452 484 -1 -1 
430 452 499 -1 -1 
430 453 484 -1 -1 
430 453 499 -1 -1 
434 461 471 -1 -1 
392 429 488 -1 -1 
392 456 503 -1 -1 
392 493 503 -1 -1 
394 431 488 -1 -1 
395 396 432 -1 -1 
328 365 366 -1 -1 
477 482 484 504 -1 
477 482 499 504 -1 
467 477 482 484 -1 
467 477 482 499 -1 
462 465 492 502 -1 
453 488 499 504 -1 
453 484 488 504 -1 
452 488 499 504 -1 
452 484 488 504 -1 
450 451 453 456 -1 
450 451 453 493 -1 
430 477 482 484 -1 
429 452 466 484 -1 
429 452 466 499 -1 
429 453 466 484 -1 
429 453 466 499 -1 
420 449 483 486 -1 
388 425 452 499 -1 
388 425 453 499 -1 
357 477 482 488 -1 
357 447 462 511 -1 
357 393 477 482 -1 
335 372 399 503 -1 
