391 -1 -1 -1 -1
392 -1 -1 -1 -1
454 -1 -1 -1 -1
484 -1 -1 -1 -1
487 -1 -1 -1 -1
488 -1 -1 -1 -1
489 -1 -1 -1 -1
490 -1 -1 -1 -1
491 -1 -1 -1 -1
492 -1 -1 -1 -1
496 -1 -1 -1 -1
503 -1 -1 -1 -1
421 438 -1 -1 -1
423 459 -1 -1 -1
359 396 -1 -1 -1
360 397 -1 -1 -1
360 434 -1 -1 -1
423 497 -1 -1 -1
423 502 -1 -1 -1
424 498 -1 -1 -1
327 458 -1 -1 -1
485 497 -1 -1 -1
485 498 -1 -1 -1
485 502 -1 -1 -1
493 494 -1 -1 -1
390 427 -1 -1 -1
455 473 -1 -1 -1
455 493 -1 -1 -1
455 495 -1 -1 -1
456 473 -1 -1 -1
456 493 -1 -1 -1
456 495 -1 -1 -1
457 493 -1 -1 -1
458 495 -1 -1 -1
459 460 -1 -1 -1
459 485 -1 -1 -1
460 497 -1 -1 -1
460 502 -1 -1 -1
461 498 -1 -1 -1
463 500 -1 -1 -1
465 495 -1 -1 -1
465 502 -1 -1 -1
466 467 -1 -1 -1
466 495 -1 -1 -1
466 504 -1 -1 -1
364 458 -1 -1 -1
364 495 -1 -1 -1
364 502 -1 -1 -1
469 506 -1 -1 -1
393 429 -1 -1 -1
393 430 -1 -1 -1
393 466 -1 -1 -1
473 485 -1 -1 -1
426 463 -1 -1 -1
368 405 -1 -1 -1
427 464 -1 -1 -1
428 438 -1 -1 -1
428 465 -1 -1 -1
429 467 -1 -1 -1
429 495 -1 -1 -1
429 504 -1 -1 -1
432 469 -1 -1 -1
399 459 -1 -1 -1
399 497 -1 -1 -1
399 498 -1 -1 -1
438 465 -1 -1 -1
233 270 -1 -1 -1
485 497 498 -1 -1
485 497 502 -1 -1
485 498 502 -1 -1
455 456 457 -1 -1
455 456 494 -1 -1
455 457 494 -1 -1
455 458 460 -1 -1
455 459 473 -1 -1
455 460 502 -1 -1
455 466 467 -1 -1
455 466 495 -1 -1
455 466 504 -1 -1
455 473 485 -1 -1
455 473 497 -1 -1
455 473 498 -1 -1
455 473 502 -1 -1
455 485 502 -1 -1
456 457 494 -1 -1
456 458 460 -1 -1
456 459 473 -1 -1
456 460 465 -1 -1
456 465 473 -1 -1
456 466 467 -1 -1
456 466 495 -1 -1
456 466 504 -1 -1
456 473 485 -1 -1
456 473 497 -1 -1
456 473 498 -1 -1
456 473 502 -1 -1
457 458 473 -1 -1
457 458 494 -1 -1
457 465 473 -1 -1
457 465 494 -1 -1
457 466 493 -1 -1
457 466 494 -1 -1
457 466 502 -1 -1
457 475 498 -1 -1
457 494 495 -1 -1
458 460 465 -1 -1
458 460 466 -1 -1
458 465 485 -1 -1
458 466 485 -1 -1
458 467 502 -1 -1
458 473 494 -1 -1
458 473 502 -1 -1
458 502 504 -1 -1
459 460 502 -1 -1
459 461 497 -1 -1
459 467 469 -1 -1
459 469 504 -1 -1
459 469 506 -1 -1
459 473 485 -1 -1
459 485 497 -1 -1
459 485 498 -1 -1
459 485 502 -1 -1
460 465 466 -1 -1
460 485 498 -1 -1
460 493 502 -1 -1
461 497 502 -1 -1
462 463 499 -1 -1
462 476 481 -1 -1
420 428 495 -1 -1
420 429 485 -1 -1
464 473 501 -1 -1
464 493 501 -1 -1
464 495 501 -1 -1
465 473 494 -1 -1
420 455 456 -1 -1
466 493 494 -1 -1
466 494 502 -1 -1
420 457 458 -1 -1
420 457 495 -1 -1
420 458 494 -1 -1
467 469 485 -1 -1
467 469 497 -1 -1
467 469 498 -1 -1
420 466 467 -1 -1
420 466 485 -1 -1
420 466 504 -1 -1
420 475 498 -1 -1
420 494 495 -1 -1
421 423 438 -1 -1
469 485 504 -1 -1
469 497 504 -1 -1
469 498 504 -1 -1
469 502 506 -1 -1
421 429 459 -1 -1
421 430 475 -1 -1
421 438 459 -1 -1
421 438 460 -1 -1
421 438 485 -1 -1
421 438 497 -1 -1
421 459 465 -1 -1
421 459 466 -1 -1
421 465 497 -1 -1
421 465 498 -1 -1
421 466 497 -1 -1
421 466 498 -1 -1
421 467 502 -1 -1
473 475 498 -1 -1
421 502 504 -1 -1
473 485 497 -1 -1
473 485 498 -1 -1
473 495 502 -1 -1
474 500 510 -1 -1
475 494 498 -1 -1
475 497 502 -1 -1
476 481 499 -1 -1
423 425 436 -1 -1
423 428 438 -1 -1
423 428 456 -1 -1
423 429 458 -1 -1
423 436 462 -1 -1
423 436 499 -1 -1
423 438 465 -1 -1
423 455 458 -1 -1
423 455 502 -1 -1
423 456 458 -1 -1
423 456 465 -1 -1
423 458 465 -1 -1
423 458 466 -1 -1
423 459 502 -1 -1
423 460 498 -1 -1
423 485 498 -1 -1
424 425 436 -1 -1
424 429 431 -1 -1
424 429 438 -1 -1
424 430 431 -1 -1
424 431 458 -1 -1
424 431 465 -1 -1
424 431 466 -1 -1
424 431 495 -1 -1
424 431 502 -1 -1
424 436 462 -1 -1
424 436 499 -1 -1
424 438 458 -1 -1
424 438 495 -1 -1
424 438 502 -1 -1
424 459 497 -1 -1
424 497 502 -1 -1
425 429 431 -1 -1
425 430 431 -1 -1
425 431 458 -1 -1
425 431 465 -1 -1
425 431 466 -1 -1
425 431 495 -1 -1
425 431 502 -1 -1
425 436 460 -1 -1
425 436 461 -1 -1
425 462 463 -1 -1
425 463 499 -1 -1
425 476 481 -1 -1
426 436 497 -1 -1
426 436 498 -1 -1
426 474 510 -1 -1
427 428 501 -1 -1
427 438 501 -1 -1
390 427 473 -1 -1
390 427 493 -1 -1
390 428 464 -1 -1
427 465 501 -1 -1
428 429 457 -1 -1
428 429 473 -1 -1
428 429 494 -1 -1
390 457 501 -1 -1
428 438 459 -1 -1
428 438 460 -1 -1
428 438 497 -1 -1
390 464 473 -1 -1
390 464 495 -1 -1
390 473 501 -1 -1
390 493 501 -1 -1
390 494 501 -1 -1
428 455 465 -1 -1
428 455 485 -1 -1
428 456 460 -1 -1
428 457 466 -1 -1
428 457 495 -1 -1
428 458 473 -1 -1
428 465 473 -1 -1
428 465 493 -1 -1
428 466 473 -1 -1
428 473 495 -1 -1
428 473 502 -1 -1
428 493 502 -1 -1
428 494 495 -1 -1
428 495 502 -1 -1
429 431 461 -1 -1
429 431 462 -1 -1
429 431 499 -1 -1
393 420 466 -1 -1
393 421 502 -1 -1
429 438 461 -1 -1
393 429 455 -1 -1
393 429 456 -1 -1
393 429 466 -1 -1
429 455 466 -1 -1
429 455 467 -1 -1
429 455 495 -1 -1
429 455 504 -1 -1
429 456 467 -1 -1
429 456 495 -1 -1
429 456 504 -1 -1
429 457 493 -1 -1
429 457 494 -1 -1
429 457 502 -1 -1
429 458 460 -1 -1
429 458 466 -1 -1
429 458 485 -1 -1
429 460 465 -1 -1
429 465 466 -1 -1
429 466 467 -1 -1
429 466 495 -1 -1
429 466 502 -1 -1
429 466 504 -1 -1
429 493 494 -1 -1
429 494 502 -1 -1
430 431 461 -1 -1
430 431 462 -1 -1
430 431 499 -1 -1
393 455 466 -1 -1
393 456 466 -1 -1
393 458 502 -1 -1
393 459 469 -1 -1
393 469 485 -1 -1
393 469 497 -1 -1
393 469 498 -1 -1
430 475 485 -1 -1
431 456 475 -1 -1
431 458 461 -1 -1
431 458 462 -1 -1
431 458 499 -1 -1
431 461 465 -1 -1
431 461 466 -1 -1
431 461 495 -1 -1
431 461 502 -1 -1
431 462 465 -1 -1
431 462 466 -1 -1
431 462 495 -1 -1
431 462 502 -1 -1
431 465 499 -1 -1
431 466 499 -1 -1
394 423 465 -1 -1
394 423 495 -1 -1
394 424 429 -1 -1
394 424 430 -1 -1
394 424 458 -1 -1
394 424 465 -1 -1
394 424 466 -1 -1
394 424 495 -1 -1
394 425 429 -1 -1
394 425 430 -1 -1
394 425 458 -1 -1
394 425 466 -1 -1
394 425 505 -1 -1
431 495 499 -1 -1
394 429 461 -1 -1
394 429 462 -1 -1
394 429 499 -1 -1
394 430 461 -1 -1
394 430 462 -1 -1
394 430 499 -1 -1
394 456 475 -1 -1
394 458 461 -1 -1
394 458 462 -1 -1
394 458 499 -1 -1
394 460 465 -1 -1
394 460 495 -1 -1
394 461 465 -1 -1
394 461 466 -1 -1
394 461 495 -1 -1
394 462 466 -1 -1
394 462 505 -1 -1
394 466 499 -1 -1
434 471 498 -1 -1
435 436 472 -1 -1
395 469 497 -1 -1
436 460 462 -1 -1
436 460 499 -1 -1
436 461 462 -1 -1
436 461 499 -1 -1
436 464 510 -1 -1
436 497 500 -1 -1
436 498 500 -1 -1
437 457 474 -1 -1
437 473 474 -1 -1
437 474 494 -1 -1
438 455 465 -1 -1
438 458 461 -1 -1
438 458 485 -1 -1
438 459 465 -1 -1
438 460 465 -1 -1
438 461 466 -1 -1
438 461 495 -1 -1
438 461 502 -1 -1
438 465 497 -1 -1
438 466 485 -1 -1
438 469 505 -1 -1
438 485 495 -1 -1
438 485 502 -1 -1
397 423 434 -1 -1
397 424 434 -1 -1
397 433 470 -1 -1
442 479 495 -1 -1
399 401 438 -1 -1
399 420 459 -1 -1
399 420 497 -1 -1
399 420 498 -1 -1
399 421 429 -1 -1
399 421 458 -1 -1
399 421 495 -1 -1
399 421 502 -1 -1
399 423 498 -1 -1
399 429 438 -1 -1
399 429 458 -1 -1
399 429 504 -1 -1
399 435 499 -1 -1
399 438 458 -1 -1
399 438 495 -1 -1
399 459 485 -1 -1
399 459 497 -1 -1
399 459 498 -1 -1
399 460 498 -1 -1
399 485 497 -1 -1
399 485 498 -1 -1
399 497 498 -1 -1
401 402 466 -1 -1
401 425 439 -1 -1
401 439 462 -1 -1
401 439 499 -1 -1
401 481 482 -1 -1
359 396 473 -1 -1
359 403 417 -1 -1
359 433 502 -1 -1
360 397 473 -1 -1
360 397 493 -1 -1
360 420 434 -1 -1
360 434 456 -1 -1
361 363 394 -1 -1
361 363 431 -1 -1
327 362 399 -1 -1
327 362 400 -1 -1
327 364 401 -1 -1
327 364 481 -1 -1
361 398 399 -1 -1
327 393 401 -1 -1
327 393 430 -1 -1
327 399 455 -1 -1
327 401 423 -1 -1
327 401 460 -1 -1
327 420 457 -1 -1
327 420 494 -1 -1
327 421 459 -1 -1
327 421 473 -1 -1
327 421 497 -1 -1
327 421 498 -1 -1
327 421 502 -1 -1
327 428 466 -1 -1
327 455 458 -1 -1
327 458 459 -1 -1
327 458 493 -1 -1
327 458 497 -1 -1
327 458 498 -1 -1
327 459 495 -1 -1
327 466 495 -1 -1
327 473 502 -1 -1
327 493 502 -1 -1
327 495 497 -1 -1
327 495 498 -1 -1
327 495 502 -1 -1
362 363 459 -1 -1
362 363 497 -1 -1
362 363 498 -1 -1
362 364 399 -1 -1
328 365 399 -1 -1
328 365 421 -1 -1
328 365 473 -1 -1
328 365 485 -1 -1
328 366 402 -1 -1
362 399 455 -1 -1
362 399 456 -1 -1
362 399 466 -1 -1
328 401 473 -1 -1
362 436 500 -1 -1
364 393 401 -1 -1
364 393 430 -1 -1
364 393 469 -1 -1
364 399 466 -1 -1
364 401 455 -1 -1
364 401 456 -1 -1
364 401 466 -1 -1
364 420 457 -1 -1
364 420 466 -1 -1
364 420 494 -1 -1
364 421 497 -1 -1
364 421 498 -1 -1
364 424 431 -1 -1
364 425 431 -1 -1
364 428 459 -1 -1
364 428 485 -1 -1
364 428 497 -1 -1
364 428 498 -1 -1
364 431 461 -1 -1
364 431 462 -1 -1
364 431 499 -1 -1
364 457 494 -1 -1
364 458 493 -1 -1
364 459 465 -1 -1
364 459 495 -1 -1
364 465 485 -1 -1
364 465 497 -1 -1
364 465 498 -1 -1
330 367 475 -1 -1
365 399 476 -1 -1
365 402 459 -1 -1
365 402 497 -1 -1
365 424 476 -1 -1
365 439 485 -1 -1
365 461 476 -1 -1
365 475 476 -1 -1
365 476 485 -1 -1
296 333 397 -1 -1
334 381 441 -1 -1
371 408 457 -1 -1
371 408 473 -1 -1
371 408 494 -1 -1
334 408 475 -1 -1
297 361 408 -1 -1
297 398 408 -1 -1
298 335 430 -1 -1
374 399 421 -1 -1
374 399 495 -1 -1
374 420 426 -1 -1
374 420 500 -1 -1
374 426 457 -1 -1
374 426 494 -1 -1
374 457 500 -1 -1
374 494 500 -1 -1
338 375 469 -1 -1
379 385 399 -1 -1
379 385 495 -1 -1
233 270 327 -1 -1
233 270 459 -1 -1
233 270 497 -1 -1
233 270 498 -1 -1
264 402 434 -1 -1
381 408 441 -1 -1
381 408 473 -1 -1
341 378 425 -1 -1
341 378 462 -1 -1
341 378 499 -1 -1
342 374 506 -1 -1
342 379 426 -1 -1
342 379 500 -1 -1
200 237 395 -1 -1
200 237 432 -1 -1
