388 -1 -1 -1 -1 
457 -1 -1 -1 -1 
458 -1 -1 -1 -1 
459 -1 -1 -1 -1 
464 -1 -1 -1 -1 
484 -1 -1 -1 -1 
485 -1 -1 -1 -1 
494 -1 -1 -1 -1 
496 -1 -1 -1 -1 
499 -1 -1 -1 -1 
456 493 -1 -1 -1 
463 500 -1 -1 -1 
424 461 -1 -1 -1 
424 498 -1 -1 -1 
426 463 -1 -1 -1 
426 500 -1 -1 -1 
432 469 -1 -1 -1 
264 301 -1 -1 -1 
384 487 510 -1 -1 
427 428 465 -1 -1 
427 428 488 -1 -1 
228 265 386 -1 -1 
337 374 426 -1 -1 
337 374 500 -1 -1 
138 175 296 -1 -1 
218 255 376 -1 -1 
397 435 456 471 -1 
397 435 471 493 -1 
395 433 456 508 -1 
395 433 493 508 -1 
392 429 456 488 -1 
392 429 488 493 -1 
