392 -1 -1 -1 -1 
423 -1 -1 -1 -1 
424 -1 -1 -1 -1 
425 -1 -1 -1 -1 
426 -1 -1 -1 -1 
427 -1 -1 -1 -1 
428 -1 -1 -1 -1 
429 -1 -1 -1 -1 
430 -1 -1 -1 -1 
452 -1 -1 -1 -1 
456 -1 -1 -1 -1 
457 -1 -1 -1 -1 
458 -1 -1 -1 -1 
459 -1 -1 -1 -1 
460 -1 -1 -1 -1 
461 -1 -1 -1 -1 
462 -1 -1 -1 -1 
463 -1 -1 -1 -1 
464 -1 -1 -1 -1 
465 -1 -1 -1 -1 
466 -1 -1 -1 -1 
487 -1 -1 -1 -1 
489 -1 -1 -1 -1 
490 -1 -1 -1 -1 
491 -1 -1 -1 -1 
492 -1 -1 -1 -1 
493 -1 -1 -1 -1 
494 -1 -1 -1 -1 
495 -1 -1 -1 -1 
496 -1 -1 -1 -1 
498 -1 -1 -1 -1 
500 -1 -1 -1 -1 
263 300 -1 -1 -1 
297 334 361 -1 -1 
173 210 331 332 -1 
