388 -1 -1 -1 -1
389 -1 -1 -1 -1
393 -1 -1 -1 -1
421 -1 -1 -1 -1
423 -1 -1 -1 -1
424 -1 -1 -1 -1
426 -1 -1 -1 -1
427 -1 -1 -1 -1
432 -1 -1 -1 -1
452 -1 -1 -1 -1
453 -1 -1 -1 -1
455 -1 -1 -1 -1
456 -1 -1 -1 -1
457 -1 -1 -1 -1
458 -1 -1 -1 -1
459 -1 -1 -1 -1
460 -1 -1 -1 -1
461 -1 -1 -1 -1
462 -1 -1 -1 -1
463 -1 -1 -1 -1
464 -1 -1 -1 -1
467 -1 -1 -1 -1
469 -1 -1 -1 -1
474 -1 -1 -1 -1
482 -1 -1 -1 -1
484 -1 -1 -1 -1
486 -1 -1 -1 -1
487 -1 -1 -1 -1
488 -1 -1 -1 -1
489 -1 -1 -1 -1
490 -1 -1 -1 -1
491 -1 -1 -1 -1
492 -1 -1 -1 -1
493 -1 -1 -1 -1
494 -1 -1 -1 -1
495 -1 -1 -1 -1
496 -1 -1 -1 -1
497 -1 -1 -1 -1
498 -1 -1 -1 -1
499 -1 -1 -1 -1
500 -1 -1 -1 -1
501 -1 -1 -1 -1
504 -1 -1 -1 -1
507 -1 -1 -1 -1
508 -1 -1 -1 -1
509 -1 -1 -1 -1
420 425 -1 -1 -1
420 480 -1 -1 -1
425 470 -1 -1 -1
502 503 -1 -1 -1
450 451 -1 -1 -1
450 483 -1 -1 -1
466 503 -1 -1 -1
428 429 -1 -1 -1
428 468 -1 -1 -1
429 450 -1 -1 -1
429 465 -1 -1 -1
429 466 -1 -1 -1
429 502 -1 -1 -1
429 503 -1 -1 -1
430 431 -1 -1 -1
431 468 -1 -1 -1
468 505 -1 -1 -1
472 483 -1 -1 -1
475 502 -1 -1 -1
476 502 -1 -1 -1
433 470 -1 -1 -1
392 429 -1 -1 -1
436 473 -1 -1 -1
437 439 -1 -1 -1
437 450 -1 -1 -1
392 503 -1 -1 -1
438 439 -1 -1 -1
398 511 -1 -1 -1
263 300 -1 -1 -1
401 439 -1 -1 -1
404 441 -1 -1 -1
405 415 -1 -1 -1
405 479 -1 -1 -1
410 420 -1 -1 -1
410 425 -1 -1 -1
410 430 -1 -1 -1
415 479 -1 -1 -1
483 502 503 -1 -1
416 425 430 -1 -1
416 425 431 -1 -1
416 425 468 -1 -1
416 425 505 -1 -1
416 435 475 -1 -1
416 436 472 -1 -1
416 445 450 -1 -1
416 445 451 -1 -1
416 445 483 -1 -1
450 451 470 -1 -1
450 470 502 -1 -1
450 472 502 -1 -1
450 475 502 -1 -1
416 450 502 -1 -1
451 470 472 -1 -1
465 470 502 -1 -1
466 470 503 -1 -1
466 483 503 -1 -1
468 470 506 -1 -1
468 483 505 -1 -1
471 472 473 -1 -1
475 480 502 -1 -1
420 425 470 -1 -1
420 425 480 -1 -1
420 429 502 -1 -1
420 429 503 -1 -1
420 436 473 -1 -1
420 437 439 -1 -1
420 437 450 -1 -1
420 450 451 -1 -1
420 450 502 -1 -1
420 466 503 -1 -1
420 476 502 -1 -1
425 429 438 -1 -1
425 429 450 -1 -1
425 429 451 -1 -1
425 429 466 -1 -1
425 429 476 -1 -1
425 429 502 -1 -1
425 429 503 -1 -1
425 430 468 -1 -1
425 430 505 -1 -1
425 433 470 -1 -1
425 434 451 -1 -1
425 434 483 -1 -1
425 435 450 -1 -1
425 437 439 -1 -1
425 437 450 -1 -1
425 438 450 -1 -1
425 438 502 -1 -1
425 438 503 -1 -1
425 444 470 -1 -1
425 450 451 -1 -1
425 450 503 -1 -1
425 451 471 -1 -1
425 451 503 -1 -1
425 466 503 -1 -1
425 476 480 -1 -1
425 476 502 -1 -1
425 476 503 -1 -1
425 502 503 -1 -1
428 429 450 -1 -1
428 429 465 -1 -1
428 429 475 -1 -1
428 431 470 -1 -1
428 465 503 -1 -1
428 465 506 -1 -1
428 468 470 -1 -1
428 470 502 -1 -1
429 430 503 -1 -1
429 437 438 -1 -1
429 438 475 -1 -1
429 465 475 -1 -1
429 465 503 -1 -1
429 466 470 -1 -1
429 466 472 -1 -1
429 470 503 -1 -1
429 483 502 -1 -1
430 502 506 -1 -1
433 435 473 -1 -1
433 436 473 -1 -1
433 472 473 -1 -1
434 435 436 -1 -1
434 437 438 -1 -1
434 471 483 -1 -1
434 472 473 -1 -1
435 437 438 -1 -1
435 450 476 -1 -1
435 450 502 -1 -1
435 451 470 -1 -1
435 471 473 -1 -1
435 472 473 -1 -1
436 437 473 -1 -1
436 470 473 -1 -1
436 473 483 -1 -1
436 473 506 -1 -1
437 438 439 -1 -1
437 438 502 -1 -1
437 438 503 -1 -1
437 439 450 -1 -1
437 439 475 -1 -1
437 439 483 -1 -1
437 439 502 -1 -1
437 450 475 -1 -1
437 475 480 -1 -1
437 475 503 -1 -1
438 450 475 -1 -1
438 475 476 -1 -1
438 475 503 -1 -1
439 440 502 -1 -1
445 450 475 -1 -1
445 471 473 -1 -1
392 401 475 -1 -1
392 410 429 -1 -1
392 410 465 -1 -1
392 410 466 -1 -1
392 410 502 -1 -1
392 425 429 -1 -1
392 425 502 -1 -1
392 425 503 -1 -1
392 429 470 -1 -1
392 429 476 -1 -1
392 430 502 -1 -1
392 431 468 -1 -1
392 438 475 -1 -1
392 466 468 -1 -1
392 470 503 -1 -1
392 503 511 -1 -1
396 398 470 -1 -1
397 401 475 -1 -1
398 401 451 -1 -1
398 405 415 -1 -1
398 407 444 -1 -1
398 415 479 -1 -1
398 416 468 -1 -1
398 416 505 -1 -1
398 425 502 -1 -1
398 429 450 -1 -1
398 429 451 -1 -1
398 429 502 -1 -1
398 433 473 -1 -1
398 434 436 -1 -1
398 435 436 -1 -1
398 436 472 -1 -1
398 438 511 -1 -1
398 450 476 -1 -1
398 450 502 -1 -1
398 450 503 -1 -1
398 451 502 -1 -1
398 451 503 -1 -1
398 471 473 -1 -1
398 472 473 -1 -1
398 476 502 -1 -1
400 401 439 -1 -1
400 401 450 -1 -1
400 401 475 -1 -1
401 405 442 -1 -1
401 420 429 -1 -1
401 420 439 -1 -1
401 425 429 -1 -1
401 425 439 -1 -1
401 425 450 -1 -1
401 425 502 -1 -1
401 425 503 -1 -1
401 429 437 -1 -1
401 435 437 -1 -1
401 437 502 -1 -1
401 437 503 -1 -1
401 438 439 -1 -1
401 438 502 -1 -1
401 439 480 -1 -1
401 450 475 -1 -1
401 475 476 -1 -1
403 440 468 -1 -1
403 440 505 -1 -1
404 415 440 -1 -1
404 420 441 -1 -1
404 425 441 -1 -1
404 430 441 -1 -1
404 441 470 -1 -1
404 441 475 -1 -1
404 441 483 -1 -1
405 415 430 -1 -1
405 415 435 -1 -1
405 415 438 -1 -1
405 425 479 -1 -1
405 429 442 -1 -1
405 433 479 -1 -1
405 437 442 -1 -1
405 442 476 -1 -1
405 442 503 -1 -1
405 470 479 -1 -1
405 479 502 -1 -1
405 479 511 -1 -1
407 433 444 -1 -1
407 434 444 -1 -1
407 435 444 -1 -1
407 444 471 -1 -1
407 444 475 -1 -1
410 425 430 -1 -1
410 425 431 -1 -1
410 428 470 -1 -1
410 429 502 -1 -1
410 430 470 -1 -1
410 430 506 -1 -1
410 430 511 -1 -1
410 437 439 -1 -1
410 437 502 -1 -1
410 450 451 -1 -1
410 465 470 -1 -1
410 466 502 -1 -1
410 466 503 -1 -1
410 475 511 -1 -1
410 502 503 -1 -1
411 412 506 -1 -1
415 420 479 -1 -1
415 425 479 -1 -1
415 472 479 -1 -1
415 479 502 -1 -1
263 300 410 -1 -1
263 300 420 -1 -1
263 300 425 -1 -1
263 300 468 -1 -1
263 300 483 -1 -1
263 300 511 -1 -1
149 186 307 -1 -1
