388 -1 -1 -1 -1
393 -1 -1 -1 -1
421 -1 -1 -1 -1
423 -1 -1 -1 -1
425 -1 -1 -1 -1
426 -1 -1 -1 -1
427 -1 -1 -1 -1
434 -1 -1 -1 -1
452 -1 -1 -1 -1
453 -1 -1 -1 -1
455 -1 -1 -1 -1
456 -1 -1 -1 -1
458 -1 -1 -1 -1
459 -1 -1 -1 -1
460 -1 -1 -1 -1
461 -1 -1 -1 -1
462 -1 -1 -1 -1
463 -1 -1 -1 -1
464 -1 -1 -1 -1
470 -1 -1 -1 -1
474 -1 -1 -1 -1
482 -1 -1 -1 -1
486 -1 -1 -1 -1
487 -1 -1 -1 -1
488 -1 -1 -1 -1
489 -1 -1 -1 -1
490 -1 -1 -1 -1
491 -1 -1 -1 -1
492 -1 -1 -1 -1
493 -1 -1 -1 -1
494 -1 -1 -1 -1
495 -1 -1 -1 -1
496 -1 -1 -1 -1
497 -1 -1 -1 -1
498 -1 -1 -1 -1
499 -1 -1 -1 -1
500 -1 -1 -1 -1
501 -1 -1 -1 -1
504 -1 -1 -1 -1
507 -1 -1 -1 -1
508 -1 -1 -1 -1
511 -1 -1 -1 -1
483 484 -1 -1 -1
450 451 -1 -1 -1
450 503 -1 -1 -1
451 471 -1 -1 -1
457 467 -1 -1 -1
457 476 -1 -1 -1
457 483 -1 -1 -1
416 505 -1 -1 -1
457 506 -1 -1 -1
466 503 -1 -1 -1
467 475 -1 -1 -1
467 483 -1 -1 -1
467 484 -1 -1 -1
420 467 -1 -1 -1
420 472 -1 -1 -1
472 483 -1 -1 -1
424 429 -1 -1 -1
389 401 -1 -1 -1
475 502 -1 -1 -1
476 502 -1 -1 -1
389 410 -1 -1 -1
424 457 -1 -1 -1
424 503 -1 -1 -1
428 430 -1 -1 -1
389 476 -1 -1 -1
389 483 -1 -1 -1
389 484 -1 -1 -1
389 502 -1 -1 -1
389 503 -1 -1 -1
428 467 -1 -1 -1
429 466 -1 -1 -1
429 503 -1 -1 -1
430 467 -1 -1 -1
432 509 -1 -1 -1
392 429 -1 -1 -1
435 467 -1 -1 -1
435 483 -1 -1 -1
392 503 -1 -1 -1
392 506 -1 -1 -1
436 473 -1 -1 -1
437 439 -1 -1 -1
437 450 -1 -1 -1
438 439 -1 -1 -1
438 480 -1 -1 -1
398 410 -1 -1 -1
398 483 -1 -1 -1
398 484 -1 -1 -1
401 429 -1 -1 -1
401 437 -1 -1 -1
401 439 -1 -1 -1
263 300 -1 -1 -1
405 415 -1 -1 -1
405 442 -1 -1 -1
405 479 -1 -1 -1
407 444 -1 -1 -1
410 420 -1 -1 -1
410 424 -1 -1 -1
410 430 -1 -1 -1
410 457 -1 -1 -1
415 479 -1 -1 -1
484 502 503 -1 -1
416 431 450 -1 -1
416 445 450 -1 -1
416 445 483 -1 -1
450 451 457 -1 -1
450 451 467 -1 -1
416 457 505 -1 -1
450 451 483 -1 -1
450 451 484 -1 -1
450 457 472 -1 -1
450 457 476 -1 -1
450 466 467 -1 -1
450 467 503 -1 -1
450 472 483 -1 -1
450 472 484 -1 -1
450 476 483 -1 -1
450 483 502 -1 -1
450 484 502 -1 -1
451 467 502 -1 -1
451 467 503 -1 -1
451 472 476 -1 -1
451 472 484 -1 -1
451 472 502 -1 -1
451 476 502 -1 -1
457 465 467 -1 -1
457 466 503 -1 -1
457 467 475 -1 -1
457 467 484 -1 -1
457 469 484 -1 -1
457 472 483 -1 -1
457 472 484 -1 -1
457 476 484 -1 -1
457 476 502 -1 -1
457 502 503 -1 -1
465 466 469 -1 -1
465 467 484 -1 -1
465 467 502 -1 -1
465 468 483 -1 -1
465 469 502 -1 -1
466 467 503 -1 -1
466 468 502 -1 -1
466 469 503 -1 -1
466 483 503 -1 -1
466 484 503 -1 -1
466 502 505 -1 -1
466 503 506 -1 -1
467 476 502 -1 -1
467 502 503 -1 -1
471 472 473 -1 -1
475 480 502 -1 -1
476 480 483 -1 -1
420 424 435 -1 -1
420 424 480 -1 -1
420 435 473 -1 -1
420 450 502 -1 -1
420 451 480 -1 -1
420 457 467 -1 -1
420 457 484 -1 -1
420 465 467 -1 -1
420 466 503 -1 -1
420 476 502 -1 -1
420 502 503 -1 -1
424 428 467 -1 -1
424 429 438 -1 -1
424 429 457 -1 -1
424 429 466 -1 -1
424 429 503 -1 -1
424 430 467 -1 -1
424 432 475 -1 -1
424 437 439 -1 -1
424 437 450 -1 -1
424 438 502 -1 -1
424 438 503 -1 -1
424 450 451 -1 -1
424 450 502 -1 -1
424 450 503 -1 -1
424 457 503 -1 -1
424 466 467 -1 -1
424 466 503 -1 -1
424 467 484 -1 -1
424 469 509 -1 -1
424 472 484 -1 -1
424 475 502 -1 -1
424 475 505 -1 -1
424 480 502 -1 -1
428 429 450 -1 -1
428 429 451 -1 -1
428 429 465 -1 -1
428 429 475 -1 -1
428 431 468 -1 -1
428 457 467 -1 -1
428 465 503 -1 -1
428 466 506 -1 -1
428 467 484 -1 -1
428 467 502 -1 -1
428 469 484 -1 -1
429 430 469 -1 -1
429 430 503 -1 -1
429 431 502 -1 -1
429 437 438 -1 -1
429 437 475 -1 -1
429 450 466 -1 -1
429 451 465 -1 -1
429 451 467 -1 -1
429 457 502 -1 -1
429 457 503 -1 -1
429 465 475 -1 -1
429 466 477 -1 -1
429 466 484 -1 -1
429 469 503 -1 -1
429 475 503 -1 -1
429 484 502 -1 -1
429 484 503 -1 -1
430 432 502 -1 -1
430 467 472 -1 -1
430 476 502 -1 -1
389 401 451 -1 -1
389 401 457 -1 -1
389 401 480 -1 -1
389 405 415 -1 -1
432 437 439 -1 -1
389 410 457 -1 -1
432 457 475 -1 -1
432 457 509 -1 -1
432 465 466 -1 -1
432 465 484 -1 -1
432 471 506 -1 -1
433 435 473 -1 -1
389 416 445 -1 -1
389 416 471 -1 -1
389 416 472 -1 -1
389 429 457 -1 -1
389 429 465 -1 -1
389 429 467 -1 -1
389 429 475 -1 -1
389 430 467 -1 -1
389 432 476 -1 -1
389 432 509 -1 -1
389 433 450 -1 -1
389 433 483 -1 -1
389 435 467 -1 -1
389 435 502 -1 -1
433 472 473 -1 -1
389 437 483 -1 -1
433 473 509 -1 -1
389 438 451 -1 -1
389 438 475 -1 -1
389 438 483 -1 -1
389 439 440 -1 -1
435 437 438 -1 -1
389 450 451 -1 -1
389 450 457 -1 -1
389 450 476 -1 -1
389 450 502 -1 -1
389 451 457 -1 -1
389 451 476 -1 -1
389 457 476 -1 -1
389 457 483 -1 -1
389 457 484 -1 -1
389 457 502 -1 -1
389 457 503 -1 -1
435 451 457 -1 -1
435 451 484 -1 -1
435 451 502 -1 -1
389 466 467 -1 -1
389 467 476 -1 -1
389 467 502 -1 -1
435 457 483 -1 -1
389 467 503 -1 -1
389 469 509 -1 -1
435 472 473 -1 -1
435 473 509 -1 -1
436 437 473 -1 -1
389 483 484 -1 -1
389 502 503 -1 -1
436 445 509 -1 -1
436 457 473 -1 -1
436 467 473 -1 -1
436 473 483 -1 -1
436 473 484 -1 -1
437 438 439 -1 -1
437 438 484 -1 -1
437 438 502 -1 -1
437 438 503 -1 -1
437 439 450 -1 -1
437 439 457 -1 -1
437 439 467 -1 -1
437 439 475 -1 -1
437 439 484 -1 -1
437 450 457 -1 -1
437 450 475 -1 -1
437 475 476 -1 -1
437 475 484 -1 -1
437 475 502 -1 -1
437 475 503 -1 -1
438 439 457 -1 -1
438 439 467 -1 -1
438 457 503 -1 -1
438 466 475 -1 -1
438 467 503 -1 -1
438 475 476 -1 -1
439 440 457 -1 -1
439 440 502 -1 -1
445 471 473 -1 -1
392 398 429 -1 -1
392 401 467 -1 -1
392 410 429 -1 -1
392 410 466 -1 -1
392 410 503 -1 -1
392 424 429 -1 -1
392 424 503 -1 -1
392 428 466 -1 -1
392 428 469 -1 -1
392 428 506 -1 -1
392 429 432 -1 -1
392 429 484 -1 -1
392 431 468 -1 -1
392 432 502 -1 -1
392 438 467 -1 -1
392 450 467 -1 -1
392 457 503 -1 -1
392 465 466 -1 -1
392 466 467 -1 -1
392 467 502 -1 -1
392 467 503 -1 -1
392 468 502 -1 -1
392 484 503 -1 -1
392 502 506 -1 -1
392 503 506 -1 -1
394 398 430 -1 -1
394 398 475 -1 -1
395 398 410 -1 -1
396 398 457 -1 -1
396 398 467 -1 -1
396 401 475 -1 -1
397 401 475 -1 -1
398 401 451 -1 -1
398 410 473 -1 -1
398 410 483 -1 -1
398 410 484 -1 -1
398 420 467 -1 -1
398 420 480 -1 -1
398 428 467 -1 -1
398 429 450 -1 -1
398 429 451 -1 -1
398 429 466 -1 -1
398 429 480 -1 -1
398 430 467 -1 -1
398 433 473 -1 -1
398 435 436 -1 -1
398 436 472 -1 -1
398 450 502 -1 -1
398 450 503 -1 -1
398 451 502 -1 -1
398 451 503 -1 -1
398 467 484 -1 -1
398 471 473 -1 -1
398 484 503 -1 -1
400 401 439 -1 -1
400 401 450 -1 -1
401 405 442 -1 -1
401 420 439 -1 -1
401 420 475 -1 -1
401 420 503 -1 -1
401 424 429 -1 -1
401 424 468 -1 -1
401 424 502 -1 -1
401 424 503 -1 -1
401 429 437 -1 -1
401 429 457 -1 -1
401 429 467 -1 -1
401 437 457 -1 -1
401 437 484 -1 -1
401 437 502 -1 -1
401 438 457 -1 -1
401 438 502 -1 -1
401 439 457 -1 -1
401 439 467 -1 -1
401 439 480 -1 -1
401 450 475 -1 -1
401 457 503 -1 -1
401 466 467 -1 -1
401 467 503 -1 -1
401 475 476 -1 -1
401 475 503 -1 -1
404 424 441 -1 -1
404 432 441 -1 -1
404 441 469 -1 -1
404 441 475 -1 -1
404 441 483 -1 -1
404 441 484 -1 -1
404 441 506 -1 -1
405 410 479 -1 -1
405 415 420 -1 -1
405 415 424 -1 -1
405 415 430 -1 -1
405 415 457 -1 -1
405 415 469 -1 -1
405 415 472 -1 -1
405 415 475 -1 -1
405 415 484 -1 -1
405 415 505 -1 -1
405 420 479 -1 -1
405 429 442 -1 -1
405 430 479 -1 -1
405 431 479 -1 -1
405 433 479 -1 -1
405 437 442 -1 -1
405 437 479 -1 -1
405 438 442 -1 -1
405 438 479 -1 -1
405 442 476 -1 -1
405 442 503 -1 -1
405 457 479 -1 -1
405 479 484 -1 -1
405 479 502 -1 -1
407 433 444 -1 -1
407 435 444 -1 -1
407 444 471 -1 -1
407 444 484 -1 -1
410 424 429 -1 -1
410 424 430 -1 -1
410 424 475 -1 -1
410 424 484 -1 -1
410 424 503 -1 -1
410 428 467 -1 -1
410 428 469 -1 -1
410 429 466 -1 -1
410 429 502 -1 -1
410 430 465 -1 -1
410 430 483 -1 -1
410 437 439 -1 -1
410 437 450 -1 -1
410 437 502 -1 -1
410 450 451 -1 -1
410 450 502 -1 -1
410 466 502 -1 -1
410 467 468 -1 -1
410 467 505 -1 -1
410 502 503 -1 -1
411 412 424 -1 -1
411 412 431 -1 -1
411 412 432 -1 -1
411 412 469 -1 -1
411 412 506 -1 -1
414 415 419 -1 -1
415 420 479 -1 -1
415 435 479 -1 -1
415 479 483 -1 -1
415 479 484 -1 -1
415 479 502 -1 -1
263 300 389 -1 -1
263 300 420 -1 -1
263 300 424 -1 -1
263 300 435 -1 -1
263 300 457 -1 -1
263 300 469 -1 -1
263 300 483 -1 -1
263 300 484 -1 -1
149 186 307 -1 -1
