388 -1 -1 -1 -1
421 -1 -1 -1 -1
423 -1 -1 -1 -1
424 -1 -1 -1 -1
425 -1 -1 -1 -1
426 -1 -1 -1 -1
427 -1 -1 -1 -1
452 -1 -1 -1 -1
453 -1 -1 -1 -1
455 -1 -1 -1 -1
456 -1 -1 -1 -1
457 -1 -1 -1 -1
458 -1 -1 -1 -1
459 -1 -1 -1 -1
460 -1 -1 -1 -1
461 -1 -1 -1 -1
462 -1 -1 -1 -1
463 -1 -1 -1 -1
470 -1 -1 -1 -1
472 -1 -1 -1 -1
474 -1 -1 -1 -1
482 -1 -1 -1 -1
484 -1 -1 -1 -1
486 -1 -1 -1 -1
487 -1 -1 -1 -1
488 -1 -1 -1 -1
489 -1 -1 -1 -1
490 -1 -1 -1 -1
491 -1 -1 -1 -1
492 -1 -1 -1 -1
493 -1 -1 -1 -1
494 -1 -1 -1 -1
495 -1 -1 -1 -1
496 -1 -1 -1 -1
497 -1 -1 -1 -1
498 -1 -1 -1 -1
499 -1 -1 -1 -1
500 -1 -1 -1 -1
501 -1 -1 -1 -1
504 -1 -1 -1 -1
507 -1 -1 -1 -1
508 -1 -1 -1 -1
502 503 -1 -1 -1
506 509 -1 -1 -1
389 393 -1 -1 -1
389 401 -1 -1 -1
389 429 -1 -1 -1
389 432 -1 -1 -1
389 450 -1 -1 -1
389 451 -1 -1 -1
389 464 -1 -1 -1
389 476 -1 -1 -1
389 502 -1 -1 -1
389 511 -1 -1 -1
392 428 -1 -1 -1
392 429 -1 -1 -1
392 469 -1 -1 -1
392 503 -1 -1 -1
393 465 -1 -1 -1
393 469 -1 -1 -1
393 475 -1 -1 -1
393 506 -1 -1 -1
393 511 -1 -1 -1
450 451 -1 -1 -1
450 502 -1 -1 -1
450 503 -1 -1 -1
464 467 -1 -1 -1
464 502 -1 -1 -1
396 398 -1 -1 -1
428 429 -1 -1 -1
428 430 -1 -1 -1
466 503 -1 -1 -1
467 475 -1 -1 -1
467 483 -1 -1 -1
263 300 -1 -1 -1
429 466 -1 -1 -1
429 503 -1 -1 -1
430 467 -1 -1 -1
475 502 -1 -1 -1
476 502 -1 -1 -1
431 468 -1 -1 -1
432 464 -1 -1 -1
432 467 -1 -1 -1
401 429 -1 -1 -1
432 509 -1 -1 -1
435 483 -1 -1 -1
436 473 -1 -1 -1
404 441 -1 -1 -1
405 415 -1 -1 -1
405 442 -1 -1 -1
437 439 -1 -1 -1
437 450 -1 -1 -1
438 439 -1 -1 -1
438 503 -1 -1 -1
405 479 -1 -1 -1
407 444 -1 -1 -1
410 420 -1 -1 -1
410 430 -1 -1 -1
415 479 -1 -1 -1
416 429 503 -1 -1
450 451 464 -1 -1
450 451 467 -1 -1
450 451 483 -1 -1
450 464 483 -1 -1
450 464 502 -1 -1
450 466 467 -1 -1
450 476 502 -1 -1
416 445 450 -1 -1
416 445 451 -1 -1
416 445 464 -1 -1
416 445 483 -1 -1
450 502 509 -1 -1
451 464 502 -1 -1
451 467 502 -1 -1
451 467 506 -1 -1
416 450 502 -1 -1
416 450 505 -1 -1
416 451 505 -1 -1
464 465 467 -1 -1
464 465 503 -1 -1
464 465 506 -1 -1
464 467 505 -1 -1
464 468 483 -1 -1
464 468 505 -1 -1
464 469 509 -1 -1
464 475 502 -1 -1
464 476 502 -1 -1
464 502 503 -1 -1
465 467 468 -1 -1
465 467 502 -1 -1
466 467 503 -1 -1
466 469 503 -1 -1
352 383 440 -1 -1
466 502 505 -1 -1
467 476 502 -1 -1
467 502 503 -1 -1
475 480 502 -1 -1
420 428 467 -1 -1
420 431 468 -1 -1
420 432 464 -1 -1
420 435 473 -1 -1
420 476 502 -1 -1
428 429 465 -1 -1
428 429 475 -1 -1
428 429 476 -1 -1
428 431 468 -1 -1
428 432 502 -1 -1
428 464 467 -1 -1
428 464 502 -1 -1
428 465 503 -1 -1
428 465 506 -1 -1
428 467 483 -1 -1
428 467 502 -1 -1
429 430 503 -1 -1
429 432 466 -1 -1
429 432 503 -1 -1
429 436 473 -1 -1
429 437 438 -1 -1
429 450 465 -1 -1
429 464 465 -1 -1
429 464 502 -1 -1
429 465 475 -1 -1
429 465 476 -1 -1
429 466 503 -1 -1
429 467 502 -1 -1
429 468 502 -1 -1
429 475 503 -1 -1
430 438 439 -1 -1
430 464 467 -1 -1
430 467 476 -1 -1
430 467 506 -1 -1
430 476 502 -1 -1
430 503 506 -1 -1
431 464 465 -1 -1
431 465 467 -1 -1
432 436 473 -1 -1
432 451 509 -1 -1
432 464 469 -1 -1
432 464 509 -1 -1
432 465 502 -1 -1
432 471 506 -1 -1
433 473 509 -1 -1
434 435 436 -1 -1
434 437 475 -1 -1
434 469 506 -1 -1
435 450 476 -1 -1
435 450 502 -1 -1
435 451 476 -1 -1
435 471 473 -1 -1
435 473 509 -1 -1
436 437 473 -1 -1
436 445 509 -1 -1
436 464 473 -1 -1
436 467 473 -1 -1
436 473 483 -1 -1
436 473 505 -1 -1
436 473 511 -1 -1
437 438 439 -1 -1
437 438 502 -1 -1
437 438 503 -1 -1
437 439 475 -1 -1
437 439 483 -1 -1
437 439 506 -1 -1
437 450 511 -1 -1
437 471 475 -1 -1
438 439 450 -1 -1
438 439 464 -1 -1
389 392 393 -1 -1
389 393 398 -1 -1
389 393 429 -1 -1
389 393 432 -1 -1
389 393 435 -1 -1
389 393 451 -1 -1
389 393 464 -1 -1
389 393 476 -1 -1
389 393 483 -1 -1
389 393 502 -1 -1
389 398 467 -1 -1
438 450 475 -1 -1
438 464 475 -1 -1
438 466 467 -1 -1
389 401 437 -1 -1
389 401 451 -1 -1
438 475 476 -1 -1
438 475 502 -1 -1
389 405 442 -1 -1
439 440 502 -1 -1
389 407 444 -1 -1
389 410 420 -1 -1
389 410 435 -1 -1
389 416 445 -1 -1
389 428 429 -1 -1
389 429 465 -1 -1
389 429 475 -1 -1
389 430 467 -1 -1
389 430 468 -1 -1
389 434 502 -1 -1
389 435 464 -1 -1
389 437 475 -1 -1
389 437 483 -1 -1
389 438 475 -1 -1
389 438 483 -1 -1
389 439 440 -1 -1
389 445 469 -1 -1
389 450 451 -1 -1
389 450 464 -1 -1
389 450 476 -1 -1
389 450 502 -1 -1
389 451 464 -1 -1
389 451 469 -1 -1
389 464 467 -1 -1
389 464 483 -1 -1
389 464 509 -1 -1
389 464 511 -1 -1
389 466 467 -1 -1
389 467 476 -1 -1
389 467 481 -1 -1
389 467 502 -1 -1
389 467 503 -1 -1
389 469 476 -1 -1
389 469 509 -1 -1
389 471 502 -1 -1
389 475 503 -1 -1
389 476 502 -1 -1
389 483 502 -1 -1
389 502 506 -1 -1
389 503 506 -1 -1
392 393 429 -1 -1
392 393 450 -1 -1
392 393 451 -1 -1
392 393 466 -1 -1
392 393 502 -1 -1
392 393 503 -1 -1
392 401 467 -1 -1
392 410 428 -1 -1
392 410 429 -1 -1
392 410 465 -1 -1
392 410 466 -1 -1
392 410 502 -1 -1
392 428 469 -1 -1
392 428 506 -1 -1
392 429 437 -1 -1
392 429 464 -1 -1
392 431 468 -1 -1
392 432 502 -1 -1
392 438 467 -1 -1
392 466 467 -1 -1
392 466 468 -1 -1
392 467 502 -1 -1
392 467 503 -1 -1
392 502 503 -1 -1
393 398 483 -1 -1
393 401 439 -1 -1
393 401 503 -1 -1
393 405 479 -1 -1
393 410 428 -1 -1
393 410 430 -1 -1
393 410 431 -1 -1
393 410 468 -1 -1
393 410 505 -1 -1
393 428 464 -1 -1
393 428 467 -1 -1
393 428 475 -1 -1
393 428 502 -1 -1
393 428 511 -1 -1
393 429 466 -1 -1
393 429 502 -1 -1
393 430 464 -1 -1
393 430 469 -1 -1
393 431 467 -1 -1
393 435 464 -1 -1
393 436 473 -1 -1
393 437 439 -1 -1
393 438 503 -1 -1
393 445 467 -1 -1
393 450 451 -1 -1
393 450 466 -1 -1
393 450 502 -1 -1
393 451 503 -1 -1
393 464 465 -1 -1
393 464 475 -1 -1
393 464 511 -1 -1
393 465 467 -1 -1
393 465 502 -1 -1
393 465 505 -1 -1
393 465 511 -1 -1
393 466 502 -1 -1
393 466 503 -1 -1
393 467 468 -1 -1
393 467 505 -1 -1
393 468 505 -1 -1
393 475 480 -1 -1
393 475 502 -1 -1
393 502 503 -1 -1
394 398 430 -1 -1
396 398 467 -1 -1
397 398 410 -1 -1
397 398 451 -1 -1
397 398 467 -1 -1
397 401 475 -1 -1
398 401 451 -1 -1
398 405 415 -1 -1
398 410 475 -1 -1
398 410 483 -1 -1
398 420 467 -1 -1
398 429 450 -1 -1
398 429 451 -1 -1
398 430 467 -1 -1
398 433 473 -1 -1
398 434 436 -1 -1
398 435 436 -1 -1
398 450 480 -1 -1
398 450 503 -1 -1
398 451 502 -1 -1
398 451 503 -1 -1
398 465 467 -1 -1
398 467 483 -1 -1
398 471 473 -1 -1
398 476 502 -1 -1
400 401 410 -1 -1
400 401 439 -1 -1
401 405 442 -1 -1
401 420 429 -1 -1
401 420 439 -1 -1
401 420 480 -1 -1
401 420 503 -1 -1
401 429 437 -1 -1
401 429 451 -1 -1
401 429 464 -1 -1
401 429 467 -1 -1
401 435 437 -1 -1
401 436 473 -1 -1
401 437 439 -1 -1
401 437 450 -1 -1
401 437 502 -1 -1
401 437 503 -1 -1
401 438 439 -1 -1
401 438 502 -1 -1
401 439 467 -1 -1
401 439 480 -1 -1
401 450 475 -1 -1
401 464 503 -1 -1
401 466 467 -1 -1
401 467 503 -1 -1
401 475 502 -1 -1
401 475 503 -1 -1
404 430 441 -1 -1
404 441 469 -1 -1
404 441 483 -1 -1
404 441 511 -1 -1
405 415 430 -1 -1
405 415 433 -1 -1
405 415 435 -1 -1
405 415 483 -1 -1
405 415 506 -1 -1
405 429 442 -1 -1
405 433 479 -1 -1
405 437 442 -1 -1
405 438 442 -1 -1
405 442 450 -1 -1
405 442 503 -1 -1
405 464 479 -1 -1
405 467 479 -1 -1
405 476 479 -1 -1
405 479 502 -1 -1
407 433 444 -1 -1
407 444 476 -1 -1
408 409 436 -1 -1
408 433 445 -1 -1
410 420 430 -1 -1
410 420 464 -1 -1
410 420 467 -1 -1
410 428 464 -1 -1
410 428 467 -1 -1
410 429 502 -1 -1
410 430 432 -1 -1
410 430 483 -1 -1
410 431 467 -1 -1
410 437 439 -1 -1
410 437 502 -1 -1
410 450 451 -1 -1
410 450 502 -1 -1
410 464 465 -1 -1
410 465 467 -1 -1
410 466 502 -1 -1
410 466 503 -1 -1
410 467 468 -1 -1
410 467 505 -1 -1
410 475 511 -1 -1
410 502 503 -1 -1
411 412 430 -1 -1
411 412 432 -1 -1
411 412 469 -1 -1
411 412 506 -1 -1
415 464 479 -1 -1
415 468 479 -1 -1
415 479 509 -1 -1
415 479 511 -1 -1
263 300 389 -1 -1
263 300 410 -1 -1
263 300 420 -1 -1
263 300 434 -1 -1
263 300 464 -1 -1
263 300 467 -1 -1
263 300 469 -1 -1
263 300 511 -1 -1
149 186 307 -1 -1
