388 -1 -1 -1 -1
393 -1 -1 -1 -1
401 -1 -1 -1 -1
410 -1 -1 -1 -1
421 -1 -1 -1 -1
423 -1 -1 -1 -1
425 -1 -1 -1 -1
427 -1 -1 -1 -1
452 -1 -1 -1 -1
453 -1 -1 -1 -1
455 -1 -1 -1 -1
456 -1 -1 -1 -1
457 -1 -1 -1 -1
458 -1 -1 -1 -1
459 -1 -1 -1 -1
460 -1 -1 -1 -1
462 -1 -1 -1 -1
463 -1 -1 -1 -1
464 -1 -1 -1 -1
470 -1 -1 -1 -1
474 -1 -1 -1 -1
483 -1 -1 -1 -1
486 -1 -1 -1 -1
487 -1 -1 -1 -1
488 -1 -1 -1 -1
489 -1 -1 -1 -1
490 -1 -1 -1 -1
491 -1 -1 -1 -1
492 -1 -1 -1 -1
493 -1 -1 -1 -1
494 -1 -1 -1 -1
495 -1 -1 -1 -1
496 -1 -1 -1 -1
497 -1 -1 -1 -1
499 -1 -1 -1 -1
501 -1 -1 -1 -1
507 -1 -1 -1 -1
482 484 -1 -1 -1
482 498 -1 -1 -1
482 504 -1 -1 -1
482 508 -1 -1 -1
500 502 -1 -1 -1
500 503 -1 -1 -1
502 503 -1 -1 -1
504 506 -1 -1 -1
450 451 -1 -1 -1
450 502 -1 -1 -1
450 503 -1 -1 -1
416 430 -1 -1 -1
416 445 -1 -1 -1
461 471 -1 -1 -1
461 475 -1 -1 -1
461 476 -1 -1 -1
461 482 -1 -1 -1
461 484 -1 -1 -1
461 498 -1 -1 -1
465 467 -1 -1 -1
465 468 -1 -1 -1
466 469 -1 -1 -1
466 503 -1 -1 -1
467 469 -1 -1 -1
467 472 -1 -1 -1
467 482 -1 -1 -1
467 506 -1 -1 -1
467 511 -1 -1 -1
469 504 -1 -1 -1
476 498 -1 -1 -1
420 424 -1 -1 -1
420 461 -1 -1 -1
420 482 -1 -1 -1
420 484 -1 -1 -1
424 434 -1 -1 -1
424 450 -1 -1 -1
424 461 -1 -1 -1
424 471 -1 -1 -1
424 482 -1 -1 -1
424 484 -1 -1 -1
426 429 -1 -1 -1
426 467 -1 -1 -1
426 468 -1 -1 -1
426 502 -1 -1 -1
426 504 -1 -1 -1
428 430 -1 -1 -1
389 429 -1 -1 -1
389 467 -1 -1 -1
389 502 -1 -1 -1
429 450 -1 -1 -1
429 466 -1 -1 -1
429 476 -1 -1 -1
429 500 -1 -1 -1
429 502 -1 -1 -1
430 465 -1 -1 -1
430 467 -1 -1 -1
430 482 -1 -1 -1
430 504 -1 -1 -1
431 465 -1 -1 -1
432 465 -1 -1 -1
432 475 -1 -1 -1
432 500 -1 -1 -1
433 498 -1 -1 -1
433 508 -1 -1 -1
434 461 -1 -1 -1
434 467 -1 -1 -1
434 504 -1 -1 -1
435 451 -1 -1 -1
435 484 -1 -1 -1
435 504 -1 -1 -1
392 429 -1 -1 -1
435 511 -1 -1 -1
392 503 -1 -1 -1
437 439 -1 -1 -1
438 504 -1 -1 -1
263 300 -1 -1 -1
397 398 -1 -1 -1
398 502 -1 -1 -1
404 441 -1 -1 -1
405 415 -1 -1 -1
405 442 -1 -1 -1
405 479 -1 -1 -1
480 482 503 -1 -1
480 484 502 -1 -1
480 484 503 -1 -1
482 484 511 -1 -1
482 500 502 -1 -1
482 500 503 -1 -1
482 500 504 -1 -1
482 504 505 -1 -1
482 504 506 -1 -1
482 504 511 -1 -1
484 498 504 -1 -1
484 500 502 -1 -1
484 500 504 -1 -1
484 504 508 -1 -1
484 505 511 -1 -1
498 500 502 -1 -1
498 500 503 -1 -1
498 500 504 -1 -1
500 502 508 -1 -1
502 503 504 -1 -1
416 424 431 -1 -1
416 428 430 -1 -1
416 430 465 -1 -1
416 430 484 -1 -1
416 430 498 -1 -1
416 430 511 -1 -1
416 431 451 -1 -1
416 431 461 -1 -1
416 431 467 -1 -1
416 431 504 -1 -1
416 432 468 -1 -1
416 433 468 -1 -1
416 433 505 -1 -1
416 435 475 -1 -1
416 435 505 -1 -1
416 435 506 -1 -1
416 438 445 -1 -1
416 445 461 -1 -1
416 445 467 -1 -1
416 445 482 -1 -1
416 450 468 -1 -1
416 467 468 -1 -1
416 467 505 -1 -1
416 468 482 -1 -1
416 468 484 -1 -1
416 468 504 -1 -1
416 468 508 -1 -1
416 471 505 -1 -1
416 484 505 -1 -1
416 504 505 -1 -1
416 505 508 -1 -1
450 451 461 -1 -1
450 451 482 -1 -1
450 451 498 -1 -1
450 451 508 -1 -1
450 461 503 -1 -1
450 466 467 -1 -1
450 469 509 -1 -1
450 471 482 -1 -1
450 471 502 -1 -1
450 471 503 -1 -1
450 472 482 -1 -1
450 472 484 -1 -1
450 472 502 -1 -1
450 472 503 -1 -1
450 482 503 -1 -1
450 484 502 -1 -1
450 484 503 -1 -1
450 502 508 -1 -1
450 503 504 -1 -1
450 503 508 -1 -1
450 503 509 -1 -1
451 461 484 -1 -1
451 461 502 -1 -1
451 466 467 -1 -1
451 467 502 -1 -1
451 469 509 -1 -1
451 471 484 -1 -1
451 471 502 -1 -1
451 471 503 -1 -1
451 472 484 -1 -1
451 472 502 -1 -1
451 472 503 -1 -1
451 476 503 -1 -1
451 484 498 -1 -1
451 498 502 -1 -1
451 498 503 -1 -1
451 502 504 -1 -1
451 502 508 -1 -1
451 503 504 -1 -1
451 503 508 -1 -1
461 467 475 -1 -1
461 467 476 -1 -1
461 467 498 -1 -1
461 471 482 -1 -1
461 471 503 -1 -1
461 475 502 -1 -1
461 475 504 -1 -1
461 476 502 -1 -1
461 476 503 -1 -1
461 482 498 -1 -1
461 482 504 -1 -1
461 484 498 -1 -1
461 484 504 -1 -1
461 498 502 -1 -1
461 498 511 -1 -1
461 500 502 -1 -1
461 500 504 -1 -1
465 466 502 -1 -1
465 467 469 -1 -1
465 467 482 -1 -1
465 467 484 -1 -1
465 467 502 -1 -1
465 468 482 -1 -1
465 468 484 -1 -1
465 469 482 -1 -1
465 469 504 -1 -1
466 467 476 -1 -1
466 467 500 -1 -1
466 467 502 -1 -1
466 467 503 -1 -1
466 469 502 -1 -1
466 482 503 -1 -1
466 482 504 -1 -1
466 482 506 -1 -1
467 468 504 -1 -1
467 468 505 -1 -1
467 469 509 -1 -1
467 472 482 -1 -1
467 472 484 -1 -1
467 472 500 -1 -1
467 473 508 -1 -1
467 475 482 -1 -1
467 475 484 -1 -1
467 475 498 -1 -1
467 475 508 -1 -1
467 476 498 -1 -1
467 476 502 -1 -1
467 476 503 -1 -1
467 482 500 -1 -1
467 482 511 -1 -1
467 484 498 -1 -1
467 484 500 -1 -1
467 484 505 -1 -1
467 484 508 -1 -1
467 484 511 -1 -1
467 500 511 -1 -1
467 504 505 -1 -1
468 475 482 -1 -1
468 475 484 -1 -1
468 484 500 -1 -1
468 484 504 -1 -1
468 484 505 -1 -1
469 471 506 -1 -1
469 475 502 -1 -1
469 476 503 -1 -1
469 482 504 -1 -1
469 482 509 -1 -1
469 500 502 -1 -1
469 504 506 -1 -1
469 504 509 -1 -1
469 506 508 -1 -1
471 472 473 -1 -1
471 476 484 -1 -1
471 476 502 -1 -1
471 484 503 -1 -1
471 484 504 -1 -1
472 473 508 -1 -1
472 476 502 -1 -1
472 476 503 -1 -1
472 482 504 -1 -1
472 484 503 -1 -1
472 484 504 -1 -1
472 500 502 -1 -1
472 500 504 -1 -1
472 504 505 -1 -1
475 476 503 -1 -1
475 482 502 -1 -1
475 484 502 -1 -1
475 484 504 -1 -1
475 498 502 -1 -1
475 498 504 -1 -1
475 504 508 -1 -1
476 482 502 -1 -1
476 482 503 -1 -1
476 484 503 -1 -1
476 500 502 -1 -1
476 500 503 -1 -1
476 502 504 -1 -1
476 502 511 -1 -1
477 500 502 -1 -1
420 424 438 -1 -1
420 424 461 -1 -1
420 424 480 -1 -1
420 424 484 -1 -1
420 426 504 -1 -1
420 428 467 -1 -1
420 429 450 -1 -1
420 429 466 -1 -1
420 429 480 -1 -1
420 429 498 -1 -1
420 430 467 -1 -1
420 432 484 -1 -1
420 435 473 -1 -1
420 437 439 -1 -1
420 438 450 -1 -1
420 450 451 -1 -1
420 461 482 -1 -1
420 467 484 -1 -1
420 472 473 -1 -1
386 412 438 -1 -1
420 480 503 -1 -1
420 482 498 -1 -1
420 482 504 -1 -1
420 484 498 -1 -1
420 498 503 -1 -1
420 502 503 -1 -1
424 426 502 -1 -1
424 429 438 -1 -1
424 429 450 -1 -1
424 429 476 -1 -1
424 430 468 -1 -1
424 432 504 -1 -1
424 432 509 -1 -1
424 433 482 -1 -1
424 434 482 -1 -1
424 434 484 -1 -1
424 437 439 -1 -1
424 438 439 -1 -1
424 438 503 -1 -1
424 445 467 -1 -1
424 450 451 -1 -1
424 450 476 -1 -1
424 461 482 -1 -1
424 461 484 -1 -1
424 461 504 -1 -1
424 461 506 -1 -1
424 467 475 -1 -1
424 467 484 -1 -1
424 467 498 -1 -1
424 469 482 -1 -1
424 475 502 -1 -1
424 476 502 -1 -1
424 476 503 -1 -1
424 476 504 -1 -1
424 482 498 -1 -1
424 482 504 -1 -1
424 484 498 -1 -1
424 498 504 -1 -1
426 428 429 -1 -1
426 429 465 -1 -1
426 429 475 -1 -1
426 429 498 -1 -1
426 432 482 -1 -1
426 433 502 -1 -1
426 437 475 -1 -1
426 438 475 -1 -1
426 450 503 -1 -1
426 461 504 -1 -1
426 466 467 -1 -1
426 467 482 -1 -1
426 467 484 -1 -1
426 467 498 -1 -1
426 467 500 -1 -1
426 467 502 -1 -1
426 467 504 -1 -1
426 467 505 -1 -1
426 467 506 -1 -1
426 468 482 -1 -1
426 472 502 -1 -1
426 475 503 -1 -1
426 476 503 -1 -1
426 477 502 -1 -1
426 482 502 -1 -1
426 484 502 -1 -1
426 498 503 -1 -1
426 498 504 -1 -1
426 500 502 -1 -1
426 500 504 -1 -1
426 502 504 -1 -1
426 504 511 -1 -1
428 429 450 -1 -1
428 429 476 -1 -1
428 429 500 -1 -1
428 429 503 -1 -1
428 465 503 -1 -1
428 467 469 -1 -1
428 467 482 -1 -1
428 467 484 -1 -1
428 467 504 -1 -1
428 468 504 -1 -1
428 469 504 -1 -1
429 430 502 -1 -1
429 430 503 -1 -1
429 431 466 -1 -1
429 433 450 -1 -1
429 433 451 -1 -1
429 433 466 -1 -1
429 434 451 -1 -1
429 434 467 -1 -1
429 434 503 -1 -1
429 435 450 -1 -1
429 435 451 -1 -1
429 435 503 -1 -1
429 437 438 -1 -1
429 437 475 -1 -1
429 438 451 -1 -1
429 438 461 -1 -1
429 438 467 -1 -1
429 438 475 -1 -1
429 438 498 -1 -1
429 438 504 -1 -1
429 439 440 -1 -1
429 450 465 -1 -1
429 450 472 -1 -1
429 450 482 -1 -1
429 450 484 -1 -1
429 450 498 -1 -1
429 450 504 -1 -1
429 450 508 -1 -1
429 450 509 -1 -1
429 451 471 -1 -1
429 451 472 -1 -1
429 451 475 -1 -1
429 451 476 -1 -1
429 451 498 -1 -1
429 451 504 -1 -1
429 451 508 -1 -1
429 461 476 -1 -1
429 465 476 -1 -1
429 465 500 -1 -1
429 465 503 -1 -1
429 466 467 -1 -1
429 466 471 -1 -1
429 466 482 -1 -1
429 466 484 -1 -1
429 466 511 -1 -1
429 467 476 -1 -1
429 467 480 -1 -1
429 467 502 -1 -1
429 469 476 -1 -1
429 469 503 -1 -1
429 471 484 -1 -1
429 471 503 -1 -1
429 472 476 -1 -1
429 475 476 -1 -1
429 476 482 -1 -1
429 476 484 -1 -1
429 476 500 -1 -1
429 476 511 -1 -1
429 480 484 -1 -1
429 482 500 -1 -1
429 482 503 -1 -1
429 498 500 -1 -1
429 502 504 -1 -1
429 503 506 -1 -1
429 503 511 -1 -1
430 431 465 -1 -1
430 431 504 -1 -1
430 431 506 -1 -1
430 431 509 -1 -1
430 433 467 -1 -1
389 398 416 -1 -1
389 398 502 -1 -1
389 405 442 -1 -1
430 465 468 -1 -1
430 465 504 -1 -1
430 466 468 -1 -1
430 467 482 -1 -1
430 467 484 -1 -1
430 467 511 -1 -1
430 468 482 -1 -1
430 468 509 -1 -1
430 469 503 -1 -1
430 469 504 -1 -1
430 482 504 -1 -1
430 484 504 -1 -1
430 502 503 -1 -1
431 432 468 -1 -1
431 465 468 -1 -1
431 465 504 -1 -1
431 467 504 -1 -1
431 468 503 -1 -1
431 476 502 -1 -1
389 428 429 -1 -1
389 429 450 -1 -1
389 429 465 -1 -1
389 429 467 -1 -1
389 429 498 -1 -1
389 429 504 -1 -1
431 484 504 -1 -1
432 433 506 -1 -1
389 435 502 -1 -1
389 435 504 -1 -1
389 438 475 -1 -1
432 438 439 -1 -1
389 439 440 -1 -1
432 466 502 -1 -1
432 467 482 -1 -1
432 467 509 -1 -1
389 450 502 -1 -1
389 450 503 -1 -1
432 469 482 -1 -1
432 475 502 -1 -1
432 482 504 -1 -1
432 482 509 -1 -1
389 467 475 -1 -1
389 467 476 -1 -1
389 467 482 -1 -1
389 467 484 -1 -1
432 504 509 -1 -1
433 435 473 -1 -1
389 475 504 -1 -1
389 476 502 -1 -1
389 482 504 -1 -1
389 484 502 -1 -1
433 445 473 -1 -1
389 498 502 -1 -1
433 450 484 -1 -1
433 450 502 -1 -1
433 450 503 -1 -1
433 451 498 -1 -1
433 451 502 -1 -1
433 451 503 -1 -1
433 467 482 -1 -1
433 467 498 -1 -1
433 469 482 -1 -1
433 471 498 -1 -1
433 473 484 -1 -1
433 473 509 -1 -1
433 476 484 -1 -1
433 482 484 -1 -1
433 484 504 -1 -1
433 498 504 -1 -1
433 500 502 -1 -1
433 504 508 -1 -1
434 435 436 -1 -1
434 437 438 -1 -1
434 450 502 -1 -1
434 450 503 -1 -1
434 451 471 -1 -1
434 451 502 -1 -1
434 451 503 -1 -1
434 461 482 -1 -1
434 461 484 -1 -1
434 467 498 -1 -1
434 469 506 -1 -1
434 471 484 -1 -1
434 472 473 -1 -1
434 476 502 -1 -1
434 484 502 -1 -1
434 484 504 -1 -1
434 498 504 -1 -1
435 450 502 -1 -1
435 450 503 -1 -1
435 450 504 -1 -1
435 451 502 -1 -1
435 451 503 -1 -1
435 467 482 -1 -1
435 467 484 -1 -1
435 471 473 -1 -1
435 472 473 -1 -1
435 473 508 -1 -1
435 473 509 -1 -1
435 482 504 -1 -1
435 484 503 -1 -1
435 484 504 -1 -1
435 500 504 -1 -1
435 504 511 -1 -1
436 445 509 -1 -1
436 467 473 -1 -1
436 473 502 -1 -1
437 438 439 -1 -1
437 438 471 -1 -1
437 438 502 -1 -1
437 438 503 -1 -1
437 439 461 -1 -1
437 439 475 -1 -1
437 439 482 -1 -1
437 439 498 -1 -1
437 439 502 -1 -1
437 439 504 -1 -1
437 451 475 -1 -1
437 475 500 -1 -1
437 475 503 -1 -1
438 439 450 -1 -1
438 439 461 -1 -1
438 439 498 -1 -1
438 450 475 -1 -1
438 450 498 -1 -1
438 450 502 -1 -1
438 450 504 -1 -1
438 450 508 -1 -1
438 450 509 -1 -1
438 461 503 -1 -1
438 466 467 -1 -1
438 467 502 -1 -1
438 467 503 -1 -1
438 475 500 -1 -1
438 475 503 -1 -1
438 482 502 -1 -1
438 482 504 -1 -1
438 484 502 -1 -1
438 484 511 -1 -1
438 498 502 -1 -1
438 498 503 -1 -1
438 503 504 -1 -1
439 440 502 -1 -1
439 440 503 -1 -1
392 416 466 -1 -1
392 420 498 -1 -1
392 428 466 -1 -1
392 429 433 -1 -1
392 429 435 -1 -1
392 429 467 -1 -1
392 429 482 -1 -1
392 429 484 -1 -1
392 438 467 -1 -1
392 438 475 -1 -1
392 450 467 -1 -1
392 466 467 -1 -1
392 466 468 -1 -1
392 466 504 -1 -1
392 467 482 -1 -1
392 467 502 -1 -1
392 469 476 -1 -1
392 480 504 -1 -1
392 482 503 -1 -1
392 500 506 -1 -1
392 502 503 -1 -1
392 502 504 -1 -1
392 503 504 -1 -1
392 503 505 -1 -1
392 503 511 -1 -1
397 398 503 -1 -1
398 405 442 -1 -1
398 426 504 -1 -1
398 433 473 -1 -1
398 434 436 -1 -1
398 435 436 -1 -1
398 436 472 -1 -1
398 437 475 -1 -1
398 451 502 -1 -1
398 451 503 -1 -1
398 467 484 -1 -1
398 472 473 -1 -1
398 473 504 -1 -1
398 473 508 -1 -1
398 473 509 -1 -1
398 484 502 -1 -1
398 484 504 -1 -1
398 500 502 -1 -1
398 500 504 -1 -1
403 406 407 -1 -1
327 328 364 -1 -1
404 426 441 -1 -1
404 441 475 -1 -1
404 441 484 -1 -1
404 441 500 -1 -1
405 415 424 -1 -1
405 415 426 -1 -1
405 415 430 -1 -1
405 415 461 -1 -1
405 415 472 -1 -1
405 415 482 -1 -1
405 415 484 -1 -1
405 415 504 -1 -1
405 424 442 -1 -1
405 426 442 -1 -1
405 429 442 -1 -1
405 430 442 -1 -1
405 438 479 -1 -1
405 442 461 -1 -1
405 442 475 -1 -1
405 442 476 -1 -1
405 442 498 -1 -1
405 442 500 -1 -1
405 442 503 -1 -1
405 467 479 -1 -1
405 476 479 -1 -1
405 479 482 -1 -1
405 479 502 -1 -1
405 479 504 -1 -1
405 479 511 -1 -1
407 424 444 -1 -1
407 426 444 -1 -1
407 430 444 -1 -1
407 433 444 -1 -1
407 435 444 -1 -1
407 439 443 -1 -1
407 444 461 -1 -1
407 444 471 -1 -1
407 444 475 -1 -1
407 444 484 -1 -1
407 444 498 -1 -1
408 433 445 -1 -1
411 412 430 -1 -1
411 412 432 -1 -1
411 412 469 -1 -1
411 412 500 -1 -1
411 412 506 -1 -1
415 430 479 -1 -1
415 433 479 -1 -1
415 479 482 -1 -1
415 479 503 -1 -1
415 479 511 -1 -1
263 300 424 -1 -1
263 300 431 -1 -1
263 300 437 -1 -1
263 300 451 -1 -1
263 300 461 -1 -1
263 300 467 -1 -1
263 300 482 -1 -1
263 300 484 -1 -1
263 300 503 -1 -1
263 300 504 -1 -1
263 300 506 -1 -1
149 186 307 -1 -1
