388 -1 -1 -1 -1
410 -1 -1 -1 -1
421 -1 -1 -1 -1
423 -1 -1 -1 -1
424 -1 -1 -1 -1
425 -1 -1 -1 -1
432 -1 -1 -1 -1
452 -1 -1 -1 -1
453 -1 -1 -1 -1
455 -1 -1 -1 -1
456 -1 -1 -1 -1
457 -1 -1 -1 -1
458 -1 -1 -1 -1
459 -1 -1 -1 -1
460 -1 -1 -1 -1
461 -1 -1 -1 -1
462 -1 -1 -1 -1
470 -1 -1 -1 -1
474 -1 -1 -1 -1
482 -1 -1 -1 -1
483 -1 -1 -1 -1
484 -1 -1 -1 -1
486 -1 -1 -1 -1
487 -1 -1 -1 -1
488 -1 -1 -1 -1
489 -1 -1 -1 -1
490 -1 -1 -1 -1
491 -1 -1 -1 -1
492 -1 -1 -1 -1
493 -1 -1 -1 -1
494 -1 -1 -1 -1
495 -1 -1 -1 -1
496 -1 -1 -1 -1
497 -1 -1 -1 -1
498 -1 -1 -1 -1
499 -1 -1 -1 -1
500 -1 -1 -1 -1
501 -1 -1 -1 -1
507 -1 -1 -1 -1
416 431 -1 -1 -1
450 451 -1 -1 -1
502 503 -1 -1 -1
416 504 -1 -1 -1
463 480 -1 -1 -1
464 465 -1 -1 -1
465 502 -1 -1 -1
465 505 -1 -1 -1
466 476 -1 -1 -1
466 503 -1 -1 -1
467 475 -1 -1 -1
467 504 -1 -1 -1
467 508 -1 -1 -1
420 430 -1 -1 -1
475 502 -1 -1 -1
420 480 -1 -1 -1
476 502 -1 -1 -1
476 503 -1 -1 -1
426 430 -1 -1 -1
426 463 -1 -1 -1
426 467 -1 -1 -1
427 428 -1 -1 -1
427 465 -1 -1 -1
428 431 -1 -1 -1
428 464 -1 -1 -1
428 502 -1 -1 -1
429 466 -1 -1 -1
430 475 -1 -1 -1
430 504 -1 -1 -1
431 468 -1 -1 -1
389 426 -1 -1 -1
389 427 -1 -1 -1
436 473 -1 -1 -1
438 439 -1 -1 -1
392 393 -1 -1 -1
392 429 -1 -1 -1
392 503 -1 -1 -1
393 398 -1 -1 -1
393 420 -1 -1 -1
393 426 -1 -1 -1
393 430 -1 -1 -1
393 431 -1 -1 -1
393 469 -1 -1 -1
393 475 -1 -1 -1
393 504 -1 -1 -1
263 300 -1 -1 -1
398 430 -1 -1 -1
401 439 -1 -1 -1
405 415 -1 -1 -1
405 479 -1 -1 -1
407 444 -1 -1 -1
411 412 -1 -1 -1
