388 -1 -1 -1 -1 
393 -1 -1 -1 -1 
410 -1 -1 -1 -1 
421 -1 -1 -1 -1 
423 -1 -1 -1 -1 
425 -1 -1 -1 -1 
452 -1 -1 -1 -1 
453 -1 -1 -1 -1 
455 -1 -1 -1 -1 
456 -1 -1 -1 -1 
457 -1 -1 -1 -1 
458 -1 -1 -1 -1 
459 -1 -1 -1 -1 
463 -1 -1 -1 -1 
464 -1 -1 -1 -1 
474 -1 -1 -1 -1 
484 -1 -1 -1 -1 
488 -1 -1 -1 -1 
489 -1 -1 -1 -1 
491 -1 -1 -1 -1 
492 -1 -1 -1 -1 
493 -1 -1 -1 -1 
494 -1 -1 -1 -1 
499 -1 -1 -1 -1 
501 -1 -1 -1 -1 
507 -1 -1 -1 -1 
424 498 -1 -1 -1 
428 467 -1 -1 -1 
263 300 -1 -1 -1 
461 475 504 -1 -1 
398 426 502 -1 -1 
405 415 500 -1 -1 
327 328 364 -1 -1 
