391 -1 -1 -1 -1 
454 -1 -1 -1 -1 
455 -1 -1 -1 -1 
456 -1 -1 -1 -1 
457 -1 -1 -1 -1 
462 -1 -1 -1 -1 
463 -1 -1 -1 -1 
484 -1 -1 -1 -1 
489 -1 -1 -1 -1 
490 -1 -1 -1 -1 
491 -1 -1 -1 -1 
492 -1 -1 -1 -1 
493 -1 -1 -1 -1 
494 -1 -1 -1 -1 
499 -1 -1 -1 -1 
481 482 -1 -1 -1 
506 507 -1 -1 -1 
417 420 -1 -1 -1 
361 398 -1 -1 -1 
421 488 -1 -1 -1 
424 461 -1 -1 -1 
393 430 -1 -1 -1 
426 500 -1 -1 -1 
396 433 -1 -1 -1 
427 501 -1 -1 -1 
428 502 -1 -1 -1 
429 466 -1 -1 -1 
431 468 -1 -1 -1 
379 508 -1 -1 -1 
