332 -1 -1 -1 -1
369 -1 -1 -1 -1
384 -1 -1 -1 -1
395 -1 -1 -1 -1
433 -1 -1 -1 -1
434 -1 -1 -1 -1
447 -1 -1 -1 -1
452 -1 -1 -1 -1
453 -1 -1 -1 -1
457 -1 -1 -1 -1
458 -1 -1 -1 -1
459 -1 -1 -1 -1
469 -1 -1 -1 -1
470 -1 -1 -1 -1
484 -1 -1 -1 -1
492 -1 -1 -1 -1
495 -1 -1 -1 -1
448 456 -1 -1 -1
448 462 -1 -1 -1
448 467 -1 -1 -1
448 490 -1 -1 -1
448 491 -1 -1 -1
448 493 -1 -1 -1
448 506 -1 -1 -1
448 507 -1 -1 -1
485 499 -1 -1 -1
485 500 -1 -1 -1
487 488 -1 -1 -1
487 496 -1 -1 -1
488 489 -1 -1 -1
488 490 -1 -1 -1
488 494 -1 -1 -1
488 496 -1 -1 -1
488 497 -1 -1 -1
488 506 -1 -1 -1
455 456 -1 -1 -1
455 462 -1 -1 -1
490 491 -1 -1 -1
455 490 -1 -1 -1
455 491 -1 -1 -1
455 493 -1 -1 -1
455 506 -1 -1 -1
455 507 -1 -1 -1
456 493 -1 -1 -1
456 507 -1 -1 -1
460 496 -1 -1 -1
493 507 -1 -1 -1
423 425 -1 -1 -1
494 506 -1 -1 -1
423 462 -1 -1 -1
423 467 -1 -1 -1
423 487 -1 -1 -1
423 488 -1 -1 -1
391 402 -1 -1 -1
423 491 -1 -1 -1
423 506 -1 -1 -1
501 502 -1 -1 -1
501 503 -1 -1 -1
424 460 -1 -1 -1
424 461 -1 -1 -1
425 448 -1 -1 -1
425 455 -1 -1 -1
392 427 -1 -1 -1
425 488 -1 -1 -1
425 491 -1 -1 -1
392 464 -1 -1 -1
392 501 -1 -1 -1
392 503 -1 -1 -1
426 463 -1 -1 -1
426 499 -1 -1 -1
426 500 -1 -1 -1
393 430 -1 -1 -1
393 467 -1 -1 -1
427 502 -1 -1 -1
394 431 -1 -1 -1
428 466 -1 -1 -1
394 468 -1 -1 -1
428 503 -1 -1 -1
394 505 -1 -1 -1
429 465 -1 -1 -1
396 432 -1 -1 -1
430 432 -1 -1 -1
430 471 -1 -1 -1
430 488 -1 -1 -1
430 497 -1 -1 -1
430 504 -1 -1 -1
462 488 -1 -1 -1
463 500 -1 -1 -1
431 468 -1 -1 -1
431 505 -1 -1 -1
432 488 -1 -1 -1
436 472 -1 -1 -1
399 471 -1 -1 -1
437 474 -1 -1 -1
400 474 -1 -1 -1
401 455 -1 -1 -1
401 456 -1 -1 -1
401 480 -1 -1 -1
401 493 -1 -1 -1
401 507 -1 -1 -1
402 427 -1 -1 -1
402 429 -1 -1 -1
402 480 -1 -1 -1
464 502 -1 -1 -1
464 503 -1 -1 -1
465 502 -1 -1 -1
466 501 -1 -1 -1
467 488 -1 -1 -1
467 497 -1 -1 -1
467 504 -1 -1 -1
468 504 -1 -1 -1
468 505 -1 -1 -1
296 323 -1 -1 -1
296 380 -1 -1 -1
296 425 -1 -1 -1
296 427 -1 -1 -1
296 456 -1 -1 -1
296 462 -1 -1 -1
296 464 -1 -1 -1
363 511 -1 -1 -1
364 391 -1 -1 -1
364 402 -1 -1 -1
364 427 -1 -1 -1
364 428 -1 -1 -1
364 464 -1 -1 -1
364 465 -1 -1 -1
364 501 -1 -1 -1
331 479 -1 -1 -1
365 401 -1 -1 -1
296 491 -1 -1 -1
296 493 -1 -1 -1
296 501 -1 -1 -1
296 506 -1 -1 -1
299 336 -1 -1 -1
337 374 -1 -1 -1
300 339 -1 -1 -1
302 448 -1 -1 -1
410 479 -1 -1 -1
342 509 -1 -1 -1
380 401 -1 -1 -1
380 460 -1 -1 -1
380 488 -1 -1 -1
380 496 -1 -1 -1
381 401 -1 -1 -1
349 354 -1 -1 -1
273 374 -1 -1 -1
279 316 -1 -1 -1
287 440 -1 -1 -1
480 498 502 -1 -1
480 498 503 -1 -1
448 451 502 -1 -1
448 455 456 -1 -1
448 455 464 -1 -1
448 455 493 -1 -1
448 455 501 -1 -1
448 455 507 -1 -1
448 456 464 -1 -1
448 456 487 -1 -1
448 456 489 -1 -1
448 456 497 -1 -1
448 456 501 -1 -1
448 460 461 -1 -1
448 460 497 -1 -1
448 460 498 -1 -1
448 461 498 -1 -1
448 462 467 -1 -1
448 462 487 -1 -1
448 462 489 -1 -1
448 462 490 -1 -1
448 462 491 -1 -1
448 462 494 -1 -1
448 462 497 -1 -1
448 462 499 -1 -1
448 462 506 -1 -1
448 462 507 -1 -1
448 463 485 -1 -1
448 463 499 -1 -1
448 463 500 -1 -1
448 464 493 -1 -1
448 464 501 -1 -1
448 464 502 -1 -1
448 465 467 -1 -1
448 465 488 -1 -1
448 465 497 -1 -1
448 467 471 -1 -1
448 467 489 -1 -1
448 467 490 -1 -1
448 467 491 -1 -1
448 467 494 -1 -1
416 425 448 -1 -1
448 467 506 -1 -1
448 467 507 -1 -1
416 427 443 -1 -1
416 428 443 -1 -1
416 428 466 -1 -1
448 476 480 -1 -1
416 428 503 -1 -1
416 429 462 -1 -1
416 429 465 -1 -1
416 429 487 -1 -1
416 429 488 -1 -1
416 429 504 -1 -1
416 429 506 -1 -1
448 480 496 -1 -1
448 480 497 -1 -1
448 485 499 -1 -1
448 485 500 -1 -1
416 432 444 -1 -1
448 487 490 -1 -1
448 487 491 -1 -1
448 487 493 -1 -1
448 487 506 -1 -1
448 487 507 -1 -1
448 488 496 -1 -1
448 489 490 -1 -1
448 489 491 -1 -1
448 489 493 -1 -1
448 489 506 -1 -1
448 489 507 -1 -1
448 490 491 -1 -1
448 490 494 -1 -1
448 490 497 -1 -1
448 490 506 -1 -1
448 490 507 -1 -1
448 491 494 -1 -1
448 491 497 -1 -1
448 491 506 -1 -1
448 491 507 -1 -1
448 493 497 -1 -1
448 493 501 -1 -1
448 494 506 -1 -1
448 494 507 -1 -1
448 497 506 -1 -1
448 497 507 -1 -1
448 499 500 -1 -1
448 501 502 -1 -1
448 506 507 -1 -1
416 440 451 -1 -1
352 366 373 -1 -1
416 443 465 -1 -1
416 444 509 -1 -1
416 448 456 -1 -1
416 448 462 -1 -1
416 448 491 -1 -1
416 448 493 -1 -1
416 448 506 -1 -1
416 448 507 -1 -1
416 448 508 -1 -1
416 456 466 -1 -1
416 461 480 -1 -1
352 372 373 -1 -1
485 489 499 -1 -1
485 489 500 -1 -1
485 490 499 -1 -1
485 491 499 -1 -1
485 494 499 -1 -1
485 494 500 -1 -1
485 499 506 -1 -1
485 499 507 -1 -1
485 500 501 -1 -1
450 451 502 -1 -1
450 465 505 -1 -1
487 488 489 -1 -1
487 488 490 -1 -1
487 488 491 -1 -1
487 488 494 -1 -1
487 488 497 -1 -1
487 488 506 -1 -1
487 489 496 -1 -1
487 490 496 -1 -1
487 491 496 -1 -1
487 491 497 -1 -1
487 493 502 -1 -1
487 494 496 -1 -1
487 496 506 -1 -1
487 497 506 -1 -1
487 501 503 -1 -1
487 502 507 -1 -1
487 504 505 -1 -1
488 489 490 -1 -1
488 489 491 -1 -1
488 489 494 -1 -1
488 489 496 -1 -1
488 489 497 -1 -1
488 489 506 -1 -1
488 490 494 -1 -1
488 490 496 -1 -1
488 490 497 -1 -1
488 490 506 -1 -1
488 491 496 -1 -1
488 491 497 -1 -1
488 491 506 -1 -1
488 493 502 -1 -1
488 494 496 -1 -1
488 494 497 -1 -1
416 464 503 -1 -1
416 466 493 -1 -1
488 494 506 -1 -1
488 496 506 -1 -1
488 497 506 -1 -1
488 499 500 -1 -1
352 373 421 -1 -1
488 502 507 -1 -1
488 504 505 -1 -1
489 490 491 -1 -1
489 493 507 -1 -1
489 501 502 -1 -1
489 501 503 -1 -1
489 504 505 -1 -1
490 491 494 -1 -1
490 493 507 -1 -1
490 501 502 -1 -1
490 501 503 -1 -1
490 504 505 -1 -1
491 493 507 -1 -1
491 501 502 -1 -1
491 501 503 -1 -1
416 466 501 -1 -1
416 466 506 -1 -1
491 504 505 -1 -1
416 501 503 -1 -1
493 494 507 -1 -1
493 496 502 -1 -1
493 506 507 -1 -1
451 465 505 -1 -1
494 501 502 -1 -1
494 501 503 -1 -1
496 501 503 -1 -1
496 502 507 -1 -1
496 504 505 -1 -1
497 504 505 -1 -1
501 502 506 -1 -1
501 503 506 -1 -1
504 505 506 -1 -1
352 416 437 -1 -1
386 389 446 -1 -1
455 456 489 -1 -1
455 456 494 -1 -1
455 460 496 -1 -1
455 460 497 -1 -1
455 461 498 -1 -1
455 462 489 -1 -1
455 462 490 -1 -1
455 462 491 -1 -1
455 462 494 -1 -1
455 462 506 -1 -1
455 462 507 -1 -1
455 463 485 -1 -1
455 463 499 -1 -1
455 463 500 -1 -1
455 464 502 -1 -1
455 464 503 -1 -1
455 465 466 -1 -1
455 465 503 -1 -1
455 466 501 -1 -1
455 467 471 -1 -1
455 467 488 -1 -1
455 467 496 -1 -1
455 467 497 -1 -1
455 468 504 -1 -1
455 468 505 -1 -1
386 391 402 -1 -1
386 391 444 -1 -1
386 392 401 -1 -1
386 392 432 -1 -1
386 394 445 -1 -1
386 394 450 -1 -1
455 485 499 -1 -1
455 485 500 -1 -1
455 487 502 -1 -1
455 488 496 -1 -1
455 488 497 -1 -1
455 489 490 -1 -1
455 489 491 -1 -1
455 489 493 -1 -1
455 489 506 -1 -1
455 489 507 -1 -1
455 490 491 -1 -1
455 490 494 -1 -1
455 490 506 -1 -1
455 490 507 -1 -1
455 491 494 -1 -1
455 491 506 -1 -1
455 491 507 -1 -1
455 493 494 -1 -1
455 494 497 -1 -1
455 494 506 -1 -1
455 494 507 -1 -1
455 496 502 -1 -1
455 499 500 -1 -1
455 501 502 -1 -1
455 501 503 -1 -1
455 506 507 -1 -1
386 400 437 -1 -1
386 401 444 -1 -1
386 401 503 -1 -1
386 402 427 -1 -1
386 402 428 -1 -1
386 402 432 -1 -1
456 460 476 -1 -1
456 462 493 -1 -1
456 462 507 -1 -1
456 463 485 -1 -1
456 464 466 -1 -1
386 402 482 -1 -1
386 402 488 -1 -1
456 465 466 -1 -1
386 402 497 -1 -1
386 402 507 -1 -1
456 465 503 -1 -1
386 407 426 -1 -1
386 408 424 -1 -1
418 423 502 -1 -1
418 424 429 -1 -1
418 424 502 -1 -1
456 478 482 -1 -1
456 487 502 -1 -1
456 488 502 -1 -1
456 489 493 -1 -1
456 489 507 -1 -1
456 490 493 -1 -1
456 490 507 -1 -1
456 491 493 -1 -1
456 491 507 -1 -1
456 493 494 -1 -1
456 493 506 -1 -1
456 494 507 -1 -1
456 496 502 -1 -1
456 506 507 -1 -1
460 461 467 -1 -1
460 461 488 -1 -1
418 429 461 -1 -1
460 462 476 -1 -1
460 462 496 -1 -1
460 467 498 -1 -1
460 476 491 -1 -1
460 476 493 -1 -1
418 431 451 -1 -1
418 432 448 -1 -1
460 487 496 -1 -1
460 487 498 -1 -1
460 488 497 -1 -1
460 488 498 -1 -1
460 489 496 -1 -1
460 490 496 -1 -1
460 491 496 -1 -1
460 491 497 -1 -1
460 494 496 -1 -1
460 496 506 -1 -1
418 432 502 -1 -1
386 423 448 -1 -1
461 467 476 -1 -1
461 476 507 -1 -1
461 480 502 -1 -1
461 480 503 -1 -1
386 424 466 -1 -1
386 425 444 -1 -1
418 440 451 -1 -1
386 427 444 -1 -1
386 428 444 -1 -1
418 444 472 -1 -1
461 488 498 -1 -1
461 491 498 -1 -1
461 496 497 -1 -1
462 463 485 -1 -1
462 465 502 -1 -1
462 467 488 -1 -1
462 467 497 -1 -1
462 467 504 -1 -1
462 468 504 -1 -1
462 468 505 -1 -1
386 430 445 -1 -1
386 431 445 -1 -1
418 448 476 -1 -1
418 448 497 -1 -1
418 451 468 -1 -1
462 478 483 -1 -1
386 432 448 -1 -1
386 432 502 -1 -1
386 432 503 -1 -1
462 485 500 -1 -1
462 487 488 -1 -1
462 487 496 -1 -1
462 487 497 -1 -1
462 488 489 -1 -1
462 488 490 -1 -1
462 488 494 -1 -1
462 488 496 -1 -1
462 488 497 -1 -1
462 488 499 -1 -1
462 488 506 -1 -1
462 493 507 -1 -1
386 438 439 -1 -1
462 501 502 -1 -1
462 501 503 -1 -1
462 504 505 -1 -1
418 496 502 -1 -1
418 496 503 -1 -1
386 444 456 -1 -1
386 444 462 -1 -1
386 444 464 -1 -1
386 444 465 -1 -1
386 444 491 -1 -1
386 444 493 -1 -1
386 444 509 -1 -1
386 445 467 -1 -1
386 446 505 -1 -1
386 448 461 -1 -1
386 448 498 -1 -1
386 450 468 -1 -1
386 461 503 -1 -1
386 466 476 -1 -1
386 475 476 -1 -1
463 485 493 -1 -1
463 485 501 -1 -1
463 488 499 -1 -1
463 489 500 -1 -1
463 490 500 -1 -1
463 494 500 -1 -1
386 496 502 -1 -1
386 498 503 -1 -1
464 465 503 -1 -1
464 466 493 -1 -1
464 485 500 -1 -1
464 487 503 -1 -1
464 489 502 -1 -1
464 489 503 -1 -1
464 494 502 -1 -1
464 496 503 -1 -1
465 466 493 -1 -1
465 466 507 -1 -1
465 467 502 -1 -1
465 471 503 -1 -1
465 487 502 -1 -1
465 489 502 -1 -1
465 490 502 -1 -1
465 491 502 -1 -1
465 493 503 -1 -1
465 494 502 -1 -1
465 496 502 -1 -1
465 497 502 -1 -1
465 501 503 -1 -1
465 502 506 -1 -1
465 503 508 -1 -1
466 467 501 -1 -1
420 421 488 -1 -1
420 421 497 -1 -1
420 421 504 -1 -1
420 426 430 -1 -1
420 430 463 -1 -1
420 430 485 -1 -1
420 430 499 -1 -1
420 430 500 -1 -1
420 431 485 -1 -1
420 431 499 -1 -1
420 431 500 -1 -1
466 476 480 -1 -1
466 480 496 -1 -1
466 480 498 -1 -1
466 487 501 -1 -1
466 489 501 -1 -1
466 494 501 -1 -1
466 497 501 -1 -1
466 499 501 -1 -1
466 503 506 -1 -1
420 467 485 -1 -1
420 467 499 -1 -1
420 467 500 -1 -1
420 468 485 -1 -1
420 468 499 -1 -1
420 485 505 -1 -1
420 499 505 -1 -1
467 471 476 -1 -1
467 471 488 -1 -1
467 471 494 -1 -1
467 471 496 -1 -1
467 471 497 -1 -1
467 471 502 -1 -1
467 477 478 -1 -1
467 478 482 -1 -1
467 478 483 -1 -1
467 487 488 -1 -1
467 487 496 -1 -1
467 487 497 -1 -1
467 487 504 -1 -1
467 488 489 -1 -1
467 488 490 -1 -1
467 488 491 -1 -1
467 488 494 -1 -1
467 488 496 -1 -1
467 488 506 -1 -1
467 488 507 -1 -1
467 489 497 -1 -1
467 489 504 -1 -1
467 490 497 -1 -1
467 490 504 -1 -1
467 491 497 -1 -1
467 491 504 -1 -1
467 494 496 -1 -1
467 494 497 -1 -1
467 494 504 -1 -1
467 496 504 -1 -1
467 497 506 -1 -1
467 497 507 -1 -1
467 504 506 -1 -1
468 477 478 -1 -1
354 356 392 -1 -1
354 359 418 -1 -1
468 487 504 -1 -1
468 489 504 -1 -1
468 489 505 -1 -1
468 490 504 -1 -1
468 490 505 -1 -1
468 491 504 -1 -1
468 491 505 -1 -1
468 494 504 -1 -1
468 494 505 -1 -1
468 496 504 -1 -1
468 497 504 -1 -1
468 504 506 -1 -1
468 504 507 -1 -1
468 505 506 -1 -1
421 431 439 -1 -1
421 432 440 -1 -1
354 360 460 -1 -1
354 360 467 -1 -1
354 362 473 -1 -1
354 364 421 -1 -1
354 364 446 -1 -1
471 472 473 -1 -1
471 473 487 -1 -1
471 473 488 -1 -1
471 473 490 -1 -1
471 473 491 -1 -1
471 473 497 -1 -1
471 473 499 -1 -1
471 473 501 -1 -1
421 485 504 -1 -1
421 499 504 -1 -1
421 500 504 -1 -1
354 380 430 -1 -1
354 380 448 -1 -1
354 380 488 -1 -1
354 380 494 -1 -1
354 380 497 -1 -1
354 381 402 -1 -1
354 386 401 -1 -1
354 391 448 -1 -1
354 392 428 -1 -1
354 392 429 -1 -1
354 396 461 -1 -1
354 396 498 -1 -1
354 398 399 -1 -1
354 399 435 -1 -1
354 399 471 -1 -1
354 401 429 -1 -1
354 401 464 -1 -1
354 401 501 -1 -1
354 402 427 -1 -1
423 424 432 -1 -1
423 424 461 -1 -1
423 425 467 -1 -1
423 425 487 -1 -1
423 425 490 -1 -1
423 425 494 -1 -1
423 425 499 -1 -1
423 425 506 -1 -1
423 428 502 -1 -1
423 429 443 -1 -1
423 429 480 -1 -1
423 430 488 -1 -1
423 430 504 -1 -1
423 431 505 -1 -1
354 416 487 -1 -1
354 416 488 -1 -1
354 416 496 -1 -1
354 416 497 -1 -1
423 445 451 -1 -1
354 423 448 -1 -1
354 423 480 -1 -1
475 476 503 -1 -1
423 448 467 -1 -1
423 448 480 -1 -1
423 448 488 -1 -1
389 391 450 -1 -1
423 455 467 -1 -1
423 455 488 -1 -1
423 455 494 -1 -1
423 455 502 -1 -1
423 456 502 -1 -1
423 460 487 -1 -1
423 460 488 -1 -1
423 460 496 -1 -1
423 461 496 -1 -1
423 462 467 -1 -1
423 462 487 -1 -1
423 462 489 -1 -1
423 462 490 -1 -1
423 462 491 -1 -1
423 462 494 -1 -1
423 462 499 -1 -1
423 462 506 -1 -1
423 463 499 -1 -1
354 427 429 -1 -1
354 428 444 -1 -1
354 428 503 -1 -1
354 429 465 -1 -1
354 430 448 -1 -1
354 432 439 -1 -1
354 432 476 -1 -1
423 464 503 -1 -1
423 466 480 -1 -1
423 467 489 -1 -1
423 467 490 -1 -1
423 467 491 -1 -1
423 467 494 -1 -1
423 467 496 -1 -1
423 467 506 -1 -1
423 467 507 -1 -1
389 397 505 -1 -1
423 478 483 -1 -1
354 432 502 -1 -1
354 444 446 -1 -1
423 487 489 -1 -1
423 487 490 -1 -1
423 487 491 -1 -1
423 487 494 -1 -1
423 487 506 -1 -1
423 488 489 -1 -1
423 488 494 -1 -1
423 489 491 -1 -1
423 489 506 -1 -1
423 490 506 -1 -1
423 491 494 -1 -1
423 491 506 -1 -1
423 493 502 -1 -1
423 499 500 -1 -1
423 501 503 -1 -1
423 502 507 -1 -1
423 504 505 -1 -1
354 444 503 -1 -1
354 445 446 -1 -1
354 448 465 -1 -1
354 448 494 -1 -1
354 448 497 -1 -1
354 450 451 -1 -1
354 455 487 -1 -1
354 455 496 -1 -1
354 455 497 -1 -1
354 456 487 -1 -1
354 456 488 -1 -1
354 456 496 -1 -1
354 456 497 -1 -1
424 425 460 -1 -1
424 425 461 -1 -1
424 425 498 -1 -1
424 426 476 -1 -1
354 461 476 -1 -1
424 430 461 -1 -1
424 432 461 -1 -1
424 432 497 -1 -1
424 432 498 -1 -1
354 478 483 -1 -1
477 478 505 -1 -1
354 480 497 -1 -1
354 487 493 -1 -1
354 488 493 -1 -1
354 493 496 -1 -1
354 493 497 -1 -1
424 446 466 -1 -1
424 448 480 -1 -1
389 429 450 -1 -1
389 429 451 -1 -1
424 460 462 -1 -1
424 460 489 -1 -1
424 460 490 -1 -1
424 460 491 -1 -1
424 460 494 -1 -1
424 460 506 -1 -1
424 461 462 -1 -1
424 461 467 -1 -1
424 461 487 -1 -1
424 461 489 -1 -1
424 461 490 -1 -1
424 461 491 -1 -1
424 461 494 -1 -1
424 461 496 -1 -1
424 461 497 -1 -1
424 461 506 -1 -1
478 482 490 -1 -1
478 482 491 -1 -1
478 482 493 -1 -1
478 482 499 -1 -1
478 482 506 -1 -1
478 483 487 -1 -1
478 483 488 -1 -1
478 483 489 -1 -1
478 483 490 -1 -1
478 483 491 -1 -1
478 483 494 -1 -1
478 483 496 -1 -1
478 483 497 -1 -1
478 483 502 -1 -1
478 483 506 -1 -1
424 462 498 -1 -1
424 463 476 -1 -1
424 463 498 -1 -1
389 443 445 -1 -1
389 451 501 -1 -1
424 476 485 -1 -1
424 476 500 -1 -1
424 498 500 -1 -1
322 331 379 -1 -1
425 426 463 -1 -1
425 428 429 -1 -1
425 429 464 -1 -1
425 429 465 -1 -1
425 430 448 -1 -1
425 430 488 -1 -1
425 430 497 -1 -1
425 430 504 -1 -1
425 431 505 -1 -1
389 505 508 -1 -1
425 436 471 -1 -1
425 437 474 -1 -1
425 439 450 -1 -1
425 439 461 -1 -1
425 444 464 -1 -1
425 448 467 -1 -1
425 448 487 -1 -1
425 448 489 -1 -1
425 448 490 -1 -1
425 448 491 -1 -1
425 448 494 -1 -1
425 448 497 -1 -1
425 448 499 -1 -1
425 448 506 -1 -1
425 448 507 -1 -1
425 455 489 -1 -1
425 455 490 -1 -1
425 455 491 -1 -1
425 455 494 -1 -1
425 455 506 -1 -1
425 455 507 -1 -1
425 456 493 -1 -1
425 456 507 -1 -1
425 460 476 -1 -1
425 462 463 -1 -1
425 462 500 -1 -1
425 463 485 -1 -1
425 465 502 -1 -1
425 467 488 -1 -1
425 467 497 -1 -1
425 467 504 -1 -1
425 468 504 -1 -1
425 468 505 -1 -1
425 478 483 -1 -1
425 485 500 -1 -1
425 487 488 -1 -1
425 487 496 -1 -1
425 487 497 -1 -1
425 488 489 -1 -1
425 488 490 -1 -1
425 488 494 -1 -1
425 488 496 -1 -1
425 488 497 -1 -1
425 488 499 -1 -1
425 488 506 -1 -1
425 491 494 -1 -1
425 493 507 -1 -1
425 501 502 -1 -1
425 501 503 -1 -1
425 504 505 -1 -1
426 430 463 -1 -1
426 430 485 -1 -1
426 430 500 -1 -1
426 436 471 -1 -1
426 439 450 -1 -1
426 439 498 -1 -1
426 443 466 -1 -1
426 448 485 -1 -1
426 448 499 -1 -1
426 448 500 -1 -1
426 455 485 -1 -1
426 455 499 -1 -1
426 455 500 -1 -1
426 456 485 -1 -1
426 462 463 -1 -1
426 463 489 -1 -1
426 463 490 -1 -1
426 463 491 -1 -1
426 463 494 -1 -1
426 463 506 -1 -1
322 376 386 -1 -1
322 379 440 -1 -1
322 379 476 -1 -1
426 485 493 -1 -1
426 489 499 -1 -1
426 489 500 -1 -1
426 490 500 -1 -1
391 392 423 -1 -1
391 392 427 -1 -1
426 494 499 -1 -1
391 392 465 -1 -1
426 494 500 -1 -1
391 393 451 -1 -1
391 394 445 -1 -1
322 386 392 -1 -1
322 386 416 -1 -1
322 386 466 -1 -1
391 396 444 -1 -1
391 397 503 -1 -1
391 401 429 -1 -1
427 428 503 -1 -1
427 429 464 -1 -1
427 430 466 -1 -1
427 430 502 -1 -1
427 432 448 -1 -1
427 432 502 -1 -1
391 402 425 -1 -1
391 402 428 -1 -1
391 402 455 -1 -1
391 402 462 -1 -1
391 402 487 -1 -1
391 402 489 -1 -1
391 402 490 -1 -1
391 402 491 -1 -1
427 443 444 -1 -1
427 444 460 -1 -1
427 444 467 -1 -1
427 444 508 -1 -1
427 445 468 -1 -1
427 448 455 -1 -1
427 448 501 -1 -1
391 407 498 -1 -1
391 408 430 -1 -1
427 451 505 -1 -1
427 455 502 -1 -1
427 463 499 -1 -1
427 463 500 -1 -1
427 464 502 -1 -1
427 465 503 -1 -1
356 357 388 -1 -1
427 485 500 -1 -1
427 487 502 -1 -1
427 487 503 -1 -1
427 488 503 -1 -1
427 489 502 -1 -1
391 416 428 -1 -1
391 416 465 -1 -1
391 420 503 -1 -1
391 425 429 -1 -1
391 425 502 -1 -1
391 427 465 -1 -1
391 427 503 -1 -1
391 428 443 -1 -1
391 428 465 -1 -1
391 429 432 -1 -1
391 429 456 -1 -1
391 429 462 -1 -1
391 429 471 -1 -1
391 429 490 -1 -1
391 429 491 -1 -1
391 429 493 -1 -1
427 494 502 -1 -1
427 499 500 -1 -1
427 501 502 -1 -1
427 503 504 -1 -1
428 429 456 -1 -1
428 429 462 -1 -1
428 429 490 -1 -1
428 429 491 -1 -1
428 429 493 -1 -1
428 429 506 -1 -1
428 429 507 -1 -1
428 429 508 -1 -1
428 430 466 -1 -1
428 431 445 -1 -1
428 432 448 -1 -1
391 429 506 -1 -1
391 429 507 -1 -1
391 429 508 -1 -1
391 430 444 -1 -1
391 430 466 -1 -1
391 432 448 -1 -1
428 443 444 -1 -1
428 443 466 -1 -1
428 443 501 -1 -1
428 444 460 -1 -1
428 444 488 -1 -1
428 444 494 -1 -1
428 444 496 -1 -1
428 445 468 -1 -1
391 443 444 -1 -1
391 443 465 -1 -1
391 443 466 -1 -1
391 443 503 -1 -1
391 444 467 -1 -1
391 444 472 -1 -1
391 444 480 -1 -1
391 444 487 -1 -1
391 444 488 -1 -1
391 444 496 -1 -1
391 444 508 -1 -1
428 451 505 -1 -1
391 445 467 -1 -1
391 445 468 -1 -1
428 455 466 -1 -1
428 455 503 -1 -1
391 448 455 -1 -1
391 448 456 -1 -1
391 448 493 -1 -1
428 456 502 -1 -1
391 448 507 -1 -1
428 462 502 -1 -1
391 451 505 -1 -1
428 464 465 -1 -1
428 464 503 -1 -1
428 465 466 -1 -1
428 465 501 -1 -1
428 466 489 -1 -1
428 466 493 -1 -1
428 467 502 -1 -1
356 364 507 -1 -1
356 365 424 -1 -1
428 488 502 -1 -1
391 456 502 -1 -1
428 489 503 -1 -1
428 494 503 -1 -1
428 496 502 -1 -1
428 497 502 -1 -1
428 497 503 -1 -1
391 462 502 -1 -1
428 501 503 -1 -1
428 503 504 -1 -1
391 464 465 -1 -1
391 464 466 -1 -1
429 430 444 -1 -1
429 430 445 -1 -1
391 465 501 -1 -1
391 466 494 -1 -1
391 466 501 -1 -1
391 467 502 -1 -1
429 432 501 -1 -1
391 488 503 -1 -1
391 490 502 -1 -1
391 491 502 -1 -1
391 493 502 -1 -1
391 497 502 -1 -1
391 502 506 -1 -1
391 502 507 -1 -1
429 440 446 -1 -1
429 440 475 -1 -1
429 443 465 -1 -1
429 443 487 -1 -1
429 443 488 -1 -1
429 444 448 -1 -1
429 444 460 -1 -1
429 444 472 -1 -1
429 444 488 -1 -1
429 444 496 -1 -1
429 444 509 -1 -1
392 393 501 -1 -1
392 396 444 -1 -1
392 397 429 -1 -1
392 398 444 -1 -1
429 448 466 -1 -1
429 448 502 -1 -1
356 376 439 -1 -1
356 376 476 -1 -1
429 451 504 -1 -1
429 455 466 -1 -1
429 456 466 -1 -1
429 462 464 -1 -1
429 462 465 -1 -1
429 464 490 -1 -1
429 464 491 -1 -1
429 464 493 -1 -1
429 464 506 -1 -1
429 464 507 -1 -1
392 400 437 -1 -1
392 400 511 -1 -1
392 401 429 -1 -1
392 401 465 -1 -1
392 402 456 -1 -1
392 402 493 -1 -1
356 380 392 -1 -1
429 465 487 -1 -1
429 465 489 -1 -1
429 465 490 -1 -1
429 465 491 -1 -1
429 465 494 -1 -1
429 465 496 -1 -1
429 465 497 -1 -1
429 465 504 -1 -1
429 465 506 -1 -1
429 465 507 -1 -1
429 466 507 -1 -1
429 476 480 -1 -1
429 480 496 -1 -1
392 407 424 -1 -1
392 407 439 -1 -1
392 408 423 -1 -1
392 408 424 -1 -1
392 408 476 -1 -1
392 408 496 -1 -1
392 408 497 -1 -1
356 389 476 -1 -1
429 493 501 -1 -1
429 501 507 -1 -1
430 431 467 -1 -1
430 431 505 -1 -1
430 432 489 -1 -1
430 432 490 -1 -1
430 432 491 -1 -1
430 432 497 -1 -1
430 432 499 -1 -1
430 432 506 -1 -1
430 432 507 -1 -1
430 437 474 -1 -1
392 416 427 -1 -1
392 416 428 -1 -1
392 416 432 -1 -1
392 416 443 -1 -1
392 416 455 -1 -1
392 416 456 -1 -1
392 416 464 -1 -1
392 416 493 -1 -1
392 416 501 -1 -1
392 416 508 -1 -1
392 418 423 -1 -1
392 418 496 -1 -1
430 444 465 -1 -1
430 445 464 -1 -1
430 445 501 -1 -1
356 391 428 -1 -1
356 391 461 -1 -1
356 391 506 -1 -1
356 391 507 -1 -1
356 392 508 -1 -1
356 393 439 -1 -1
356 393 480 -1 -1
356 393 503 -1 -1
356 394 451 -1 -1
356 396 464 -1 -1
356 396 501 -1 -1
392 423 464 -1 -1
392 423 466 -1 -1
392 423 501 -1 -1
430 448 456 -1 -1
430 448 462 -1 -1
430 448 490 -1 -1
430 448 491 -1 -1
430 448 493 -1 -1
430 448 506 -1 -1
430 448 507 -1 -1
430 448 508 -1 -1
430 450 480 -1 -1
392 425 501 -1 -1
392 425 503 -1 -1
392 427 428 -1 -1
392 427 455 -1 -1
430 455 471 -1 -1
430 460 461 -1 -1
430 460 497 -1 -1
430 461 498 -1 -1
430 462 488 -1 -1
430 462 497 -1 -1
430 462 504 -1 -1
430 463 485 -1 -1
356 402 476 -1 -1
392 427 487 -1 -1
392 427 489 -1 -1
430 464 502 -1 -1
392 428 455 -1 -1
392 428 456 -1 -1
392 428 464 -1 -1
430 465 502 -1 -1
392 428 489 -1 -1
392 428 493 -1 -1
392 428 501 -1 -1
392 428 504 -1 -1
392 428 508 -1 -1
430 466 503 -1 -1
430 467 468 -1 -1
430 467 505 -1 -1
392 429 508 -1 -1
430 471 489 -1 -1
430 471 490 -1 -1
430 471 494 -1 -1
430 471 496 -1 -1
430 471 497 -1 -1
430 471 499 -1 -1
430 471 502 -1 -1
392 431 445 -1 -1
392 432 480 -1 -1
392 432 503 -1 -1
430 478 483 -1 -1
430 485 500 -1 -1
323 333 448 -1 -1
323 333 485 -1 -1
430 487 488 -1 -1
430 487 497 -1 -1
430 487 504 -1 -1
430 488 489 -1 -1
430 488 490 -1 -1
430 488 491 -1 -1
430 488 494 -1 -1
430 488 496 -1 -1
430 488 506 -1 -1
430 488 507 -1 -1
430 489 497 -1 -1
430 489 504 -1 -1
430 490 497 -1 -1
430 490 504 -1 -1
430 491 497 -1 -1
430 491 504 -1 -1
430 494 497 -1 -1
430 494 504 -1 -1
430 496 497 -1 -1
430 496 504 -1 -1
430 497 506 -1 -1
430 497 507 -1 -1
430 504 506 -1 -1
430 504 507 -1 -1
392 437 511 -1 -1
392 443 455 -1 -1
392 443 456 -1 -1
392 443 464 -1 -1
392 443 493 -1 -1
392 443 501 -1 -1
392 444 471 -1 -1
392 444 502 -1 -1
431 432 504 -1 -1
392 444 508 -1 -1
392 445 468 -1 -1
392 448 466 -1 -1
392 455 464 -1 -1
392 455 501 -1 -1
392 456 465 -1 -1
392 461 480 -1 -1
392 462 501 -1 -1
392 462 503 -1 -1
323 339 411 -1 -1
392 464 489 -1 -1
392 464 494 -1 -1
392 464 496 -1 -1
323 339 448 -1 -1
392 465 471 -1 -1
392 465 493 -1 -1
323 339 502 -1 -1
392 465 501 -1 -1
431 440 460 -1 -1
431 440 461 -1 -1
431 445 480 -1 -1
431 448 468 -1 -1
431 448 505 -1 -1
392 466 488 -1 -1
392 466 496 -1 -1
356 416 450 -1 -1
392 480 497 -1 -1
392 480 498 -1 -1
392 487 503 -1 -1
431 455 468 -1 -1
431 455 505 -1 -1
431 462 505 -1 -1
431 468 489 -1 -1
431 468 490 -1 -1
431 468 494 -1 -1
431 468 496 -1 -1
431 468 506 -1 -1
392 489 501 -1 -1
392 489 503 -1 -1
392 490 501 -1 -1
392 490 503 -1 -1
392 491 501 -1 -1
392 491 503 -1 -1
392 494 501 -1 -1
392 494 503 -1 -1
392 496 501 -1 -1
392 496 503 -1 -1
392 497 501 -1 -1
392 497 503 -1 -1
392 501 506 -1 -1
392 503 506 -1 -1
392 503 507 -1 -1
393 394 423 -1 -1
393 394 432 -1 -1
393 394 461 -1 -1
393 394 471 -1 -1
356 420 476 -1 -1
431 477 478 -1 -1
431 487 504 -1 -1
356 427 450 -1 -1
431 488 504 -1 -1
431 489 505 -1 -1
356 427 488 -1 -1
431 490 505 -1 -1
356 427 506 -1 -1
356 427 507 -1 -1
431 491 505 -1 -1
356 428 460 -1 -1
356 428 461 -1 -1
431 494 505 -1 -1
431 496 504 -1 -1
356 428 506 -1 -1
356 428 507 -1 -1
431 497 505 -1 -1
356 429 460 -1 -1
356 429 490 -1 -1
356 429 491 -1 -1
356 429 499 -1 -1
431 504 507 -1 -1
356 431 451 -1 -1
323 348 471 -1 -1
323 348 508 -1 -1
323 353 471 -1 -1
323 353 508 -1 -1
356 450 464 -1 -1
356 450 476 -1 -1
356 450 501 -1 -1
356 451 467 -1 -1
356 451 468 -1 -1
356 455 466 -1 -1
356 455 480 -1 -1
356 456 466 -1 -1
356 456 480 -1 -1
356 460 464 -1 -1
432 436 510 -1 -1
356 461 465 -1 -1
356 464 488 -1 -1
356 465 506 -1 -1
356 465 507 -1 -1
356 466 489 -1 -1
356 466 493 -1 -1
356 468 476 -1 -1
393 423 467 -1 -1
393 423 468 -1 -1
323 359 401 -1 -1
323 359 416 -1 -1
323 359 456 -1 -1
432 444 451 -1 -1
432 444 503 -1 -1
432 446 450 -1 -1
432 448 456 -1 -1
432 448 480 -1 -1
432 448 493 -1 -1
432 448 506 -1 -1
432 448 507 -1 -1
393 425 430 -1 -1
393 425 467 -1 -1
432 460 467 -1 -1
432 460 488 -1 -1
432 460 496 -1 -1
393 429 465 -1 -1
393 430 432 -1 -1
393 430 462 -1 -1
393 430 487 -1 -1
393 430 489 -1 -1
393 430 490 -1 -1
393 430 491 -1 -1
393 430 494 -1 -1
393 430 506 -1 -1
393 431 432 -1 -1
356 480 493 -1 -1
356 480 502 -1 -1
393 431 498 -1 -1
393 432 467 -1 -1
393 432 468 -1 -1
323 361 401 -1 -1
356 503 504 -1 -1
432 465 502 -1 -1
432 466 480 -1 -1
432 466 503 -1 -1
432 467 487 -1 -1
432 467 488 -1 -1
432 467 496 -1 -1
432 467 504 -1 -1
432 467 507 -1 -1
432 468 504 -1 -1
432 476 507 -1 -1
432 478 483 -1 -1
393 440 482 -1 -1
432 480 503 -1 -1
393 444 451 -1 -1
432 487 488 -1 -1
432 487 494 -1 -1
432 488 489 -1 -1
432 488 490 -1 -1
432 488 491 -1 -1
432 488 494 -1 -1
432 488 496 -1 -1
432 488 499 -1 -1
432 488 506 -1 -1
432 488 507 -1 -1
432 502 506 -1 -1
432 502 507 -1 -1
432 504 505 -1 -1
393 451 501 -1 -1
393 455 467 -1 -1
393 456 505 -1 -1
393 462 467 -1 -1
393 467 487 -1 -1
393 467 489 -1 -1
393 467 490 -1 -1
393 467 491 -1 -1
393 467 494 -1 -1
393 467 506 -1 -1
393 468 471 -1 -1
435 436 499 -1 -1
393 490 505 -1 -1
393 491 505 -1 -1
393 493 505 -1 -1
393 499 505 -1 -1
393 501 503 -1 -1
393 505 506 -1 -1
393 505 507 -1 -1
394 397 431 -1 -1
394 397 468 -1 -1
435 471 473 -1 -1
323 394 420 -1 -1
435 472 473 -1 -1
435 473 508 -1 -1
435 473 509 -1 -1
394 408 446 -1 -1
323 401 461 -1 -1
323 403 478 -1 -1
394 411 479 -1 -1
357 388 501 -1 -1
357 388 503 -1 -1
394 420 439 -1 -1
394 421 439 -1 -1
394 421 485 -1 -1
394 421 499 -1 -1
394 421 500 -1 -1
394 423 431 -1 -1
394 423 468 -1 -1
394 423 505 -1 -1
394 424 440 -1 -1
323 416 435 -1 -1
394 425 505 -1 -1
436 472 487 -1 -1
436 472 489 -1 -1
436 472 490 -1 -1
436 472 491 -1 -1
436 472 494 -1 -1
436 472 497 -1 -1
436 472 499 -1 -1
436 472 506 -1 -1
394 427 445 -1 -1
394 430 467 -1 -1
394 431 432 -1 -1
394 431 455 -1 -1
394 431 462 -1 -1
394 431 489 -1 -1
394 431 490 -1 -1
394 431 491 -1 -1
394 431 494 -1 -1
394 431 497 -1 -1
394 431 506 -1 -1
394 432 468 -1 -1
394 432 505 -1 -1
323 420 430 -1 -1
323 420 468 -1 -1
323 423 425 -1 -1
323 423 426 -1 -1
323 423 462 -1 -1
323 423 463 -1 -1
323 423 485 -1 -1
323 423 500 -1 -1
323 424 425 -1 -1
323 424 426 -1 -1
323 424 435 -1 -1
323 424 462 -1 -1
323 424 463 -1 -1
323 424 485 -1 -1
323 424 500 -1 -1
394 445 480 -1 -1
323 425 430 -1 -1
323 425 432 -1 -1
323 425 496 -1 -1
323 425 497 -1 -1
323 426 432 -1 -1
323 426 471 -1 -1
323 426 496 -1 -1
323 426 508 -1 -1
323 430 462 -1 -1
323 430 463 -1 -1
323 432 435 -1 -1
323 432 463 -1 -1
323 432 485 -1 -1
323 432 500 -1 -1
394 455 505 -1 -1
394 462 468 -1 -1
394 462 505 -1 -1
394 468 487 -1 -1
394 468 489 -1 -1
394 468 490 -1 -1
394 468 491 -1 -1
394 468 494 -1 -1
394 468 496 -1 -1
394 468 506 -1 -1
437 455 474 -1 -1
437 460 474 -1 -1
394 487 505 -1 -1
437 462 474 -1 -1
394 488 504 -1 -1
394 489 505 -1 -1
394 490 505 -1 -1
394 491 505 -1 -1
394 494 505 -1 -1
394 496 504 -1 -1
394 496 505 -1 -1
394 497 504 -1 -1
437 467 474 -1 -1
394 505 506 -1 -1
323 448 461 -1 -1
323 460 461 -1 -1
323 460 507 -1 -1
357 426 483 -1 -1
323 461 488 -1 -1
323 462 496 -1 -1
323 462 497 -1 -1
357 427 482 -1 -1
357 428 482 -1 -1
357 429 482 -1 -1
437 474 487 -1 -1
437 474 489 -1 -1
437 474 490 -1 -1
437 474 491 -1 -1
437 474 494 -1 -1
437 474 506 -1 -1
323 463 471 -1 -1
323 463 496 -1 -1
323 463 497 -1 -1
323 471 485 -1 -1
323 471 499 -1 -1
323 471 500 -1 -1
437 503 511 -1 -1
396 401 416 -1 -1
396 401 507 -1 -1
396 401 508 -1 -1
396 402 427 -1 -1
396 402 503 -1 -1
323 485 496 -1 -1
323 485 497 -1 -1
323 485 508 -1 -1
396 403 440 -1 -1
323 496 500 -1 -1
323 497 500 -1 -1
323 499 508 -1 -1
323 500 508 -1 -1
396 405 413 -1 -1
438 440 501 -1 -1
396 423 432 -1 -1
396 423 448 -1 -1
396 423 455 -1 -1
396 423 456 -1 -1
396 424 455 -1 -1
396 424 493 -1 -1
396 424 502 -1 -1
396 424 508 -1 -1
438 466 479 -1 -1
396 427 444 -1 -1
396 428 444 -1 -1
396 432 487 -1 -1
396 432 489 -1 -1
396 432 494 -1 -1
396 432 496 -1 -1
439 443 450 -1 -1
439 443 461 -1 -1
439 443 480 -1 -1
439 443 507 -1 -1
439 443 508 -1 -1
396 444 503 -1 -1
396 446 451 -1 -1
439 450 462 -1 -1
439 450 463 -1 -1
439 450 485 -1 -1
439 450 500 -1 -1
439 456 461 -1 -1
439 461 462 -1 -1
439 461 490 -1 -1
439 461 491 -1 -1
439 461 493 -1 -1
439 463 498 -1 -1
439 467 471 -1 -1
396 448 461 -1 -1
396 448 498 -1 -1
396 455 461 -1 -1
396 455 497 -1 -1
396 455 498 -1 -1
396 456 461 -1 -1
396 456 497 -1 -1
396 456 498 -1 -1
396 461 476 -1 -1
439 485 498 -1 -1
439 498 500 -1 -1
396 476 507 -1 -1
440 444 450 -1 -1
396 493 496 -1 -1
396 493 497 -1 -1
396 496 508 -1 -1
396 497 508 -1 -1
440 460 504 -1 -1
440 460 505 -1 -1
440 461 468 -1 -1
440 461 504 -1 -1
440 461 505 -1 -1
440 468 498 -1 -1
440 498 504 -1 -1
440 498 505 -1 -1
324 360 446 -1 -1
324 363 389 -1 -1
397 399 455 -1 -1
397 399 456 -1 -1
397 399 472 -1 -1
397 399 493 -1 -1
397 399 502 -1 -1
397 406 423 -1 -1
397 406 424 -1 -1
397 406 497 -1 -1
397 419 478 -1 -1
359 360 426 -1 -1
359 366 440 -1 -1
397 425 436 -1 -1
397 426 436 -1 -1
359 370 380 -1 -1
359 372 380 -1 -1
442 461 479 -1 -1
397 428 503 -1 -1
397 431 468 -1 -1
359 376 425 -1 -1
359 376 463 -1 -1
359 376 485 -1 -1
359 376 500 -1 -1
397 436 462 -1 -1
397 436 463 -1 -1
397 436 500 -1 -1
442 477 483 -1 -1
397 444 446 -1 -1
397 444 464 -1 -1
397 444 501 -1 -1
443 444 464 -1 -1
443 444 501 -1 -1
443 450 476 -1 -1
359 386 429 -1 -1
359 388 390 -1 -1
443 463 466 -1 -1
443 466 500 -1 -1
397 456 473 -1 -1
397 464 473 -1 -1
397 465 503 -1 -1
397 467 488 -1 -1
397 467 494 -1 -1
397 467 496 -1 -1
359 392 407 -1 -1
359 396 401 -1 -1
359 396 406 -1 -1
359 396 432 -1 -1
359 396 461 -1 -1
444 446 456 -1 -1
444 446 493 -1 -1
444 448 451 -1 -1
397 473 493 -1 -1
397 473 501 -1 -1
397 473 502 -1 -1
397 473 506 -1 -1
359 401 461 -1 -1
444 451 488 -1 -1
444 451 496 -1 -1
444 451 504 -1 -1
444 451 506 -1 -1
444 456 480 -1 -1
444 460 465 -1 -1
444 462 464 -1 -1
444 464 467 -1 -1
444 464 472 -1 -1
444 464 491 -1 -1
444 464 501 -1 -1
444 464 506 -1 -1
444 464 507 -1 -1
444 464 508 -1 -1
444 465 488 -1 -1
444 465 496 -1 -1
444 465 509 -1 -1
359 403 440 -1 -1
359 406 461 -1 -1
359 406 498 -1 -1
359 407 428 -1 -1
359 407 465 -1 -1
359 408 443 -1 -1
444 472 501 -1 -1
444 480 493 -1 -1
444 480 509 -1 -1
444 501 507 -1 -1
444 501 508 -1 -1
444 502 503 -1 -1
444 503 508 -1 -1
445 446 450 -1 -1
445 446 460 -1 -1
445 446 471 -1 -1
445 446 472 -1 -1
445 446 507 -1 -1
445 451 496 -1 -1
398 406 443 -1 -1
398 406 507 -1 -1
359 416 480 -1 -1
359 418 503 -1 -1
445 464 467 -1 -1
445 467 480 -1 -1
445 467 501 -1 -1
445 468 480 -1 -1
398 416 444 -1 -1
398 418 444 -1 -1
359 425 476 -1 -1
359 426 476 -1 -1
359 429 480 -1 -1
398 427 444 -1 -1
398 436 456 -1 -1
398 436 491 -1 -1
398 436 493 -1 -1
398 436 506 -1 -1
398 436 507 -1 -1
398 436 508 -1 -1
359 455 460 -1 -1
359 455 461 -1 -1
359 456 460 -1 -1
359 456 461 -1 -1
359 460 493 -1 -1
359 460 502 -1 -1
359 461 493 -1 -1
359 461 502 -1 -1
359 462 476 -1 -1
446 451 507 -1 -1
398 444 503 -1 -1
359 463 476 -1 -1
359 476 485 -1 -1
359 476 500 -1 -1
399 400 473 -1 -1
360 363 511 -1 -1
399 401 472 -1 -1
360 364 427 -1 -1
360 364 464 -1 -1
360 364 501 -1 -1
360 365 401 -1 -1
360 368 410 -1 -1
360 370 380 -1 -1
360 370 416 -1 -1
360 370 423 -1 -1
360 370 467 -1 -1
360 370 487 -1 -1
360 370 488 -1 -1
360 370 496 -1 -1
360 372 380 -1 -1
360 372 400 -1 -1
360 372 437 -1 -1
360 372 511 -1 -1
399 423 471 -1 -1
399 435 455 -1 -1
399 435 456 -1 -1
399 435 471 -1 -1
399 435 472 -1 -1
399 435 493 -1 -1
399 435 508 -1 -1
399 435 509 -1 -1
360 386 429 -1 -1
399 437 473 -1 -1
360 393 394 -1 -1
399 463 472 -1 -1
360 396 429 -1 -1
360 396 503 -1 -1
360 397 460 -1 -1
360 397 498 -1 -1
399 471 487 -1 -1
399 471 490 -1 -1
399 471 499 -1 -1
399 472 500 -1 -1
399 479 509 -1 -1
360 424 456 -1 -1
360 424 493 -1 -1
360 424 508 -1 -1
360 429 480 -1 -1
360 432 461 -1 -1
360 439 455 -1 -1
360 439 456 -1 -1
360 439 493 -1 -1
400 425 474 -1 -1
360 455 476 -1 -1
360 456 476 -1 -1
360 460 488 -1 -1
360 461 502 -1 -1
400 437 438 -1 -1
400 437 475 -1 -1
400 437 503 -1 -1
360 476 493 -1 -1
360 480 502 -1 -1
360 498 502 -1 -1
400 462 474 -1 -1
400 466 511 -1 -1
400 467 474 -1 -1
400 474 487 -1 -1
400 474 489 -1 -1
400 474 490 -1 -1
400 474 491 -1 -1
400 474 494 -1 -1
400 474 496 -1 -1
400 474 506 -1 -1
400 502 511 -1 -1
400 503 511 -1 -1
401 402 427 -1 -1
401 402 444 -1 -1
401 405 479 -1 -1
401 416 439 -1 -1
401 416 450 -1 -1
401 416 460 -1 -1
401 416 461 -1 -1
401 416 476 -1 -1
401 416 480 -1 -1
401 416 482 -1 -1
401 416 498 -1 -1
401 418 456 -1 -1
401 418 493 -1 -1
401 423 476 -1 -1
401 423 480 -1 -1
401 423 502 -1 -1
401 424 476 -1 -1
401 427 429 -1 -1
401 427 444 -1 -1
401 427 502 -1 -1
401 428 429 -1 -1
401 428 448 -1 -1
401 428 466 -1 -1
401 428 502 -1 -1
401 429 444 -1 -1
401 429 464 -1 -1
401 429 501 -1 -1
401 430 480 -1 -1
401 432 456 -1 -1
401 432 493 -1 -1
401 439 461 -1 -1
401 439 498 -1 -1
401 443 463 -1 -1
401 443 500 -1 -1
361 399 423 -1 -1
361 399 487 -1 -1
361 399 488 -1 -1
361 399 497 -1 -1
401 448 467 -1 -1
401 448 487 -1 -1
401 455 480 -1 -1
401 455 487 -1 -1
401 455 489 -1 -1
401 455 494 -1 -1
401 455 502 -1 -1
401 456 460 -1 -1
401 456 487 -1 -1
401 456 489 -1 -1
401 456 490 -1 -1
401 456 491 -1 -1
401 456 494 -1 -1
401 456 499 -1 -1
401 456 506 -1 -1
361 401 443 -1 -1
361 401 473 -1 -1
401 464 466 -1 -1
401 465 503 -1 -1
401 466 501 -1 -1
401 467 502 -1 -1
401 473 508 -1 -1
401 474 511 -1 -1
361 405 438 -1 -1
401 480 487 -1 -1
401 480 489 -1 -1
401 480 494 -1 -1
401 487 493 -1 -1
401 489 493 -1 -1
401 489 507 -1 -1
401 490 493 -1 -1
401 490 507 -1 -1
401 491 493 -1 -1
401 491 507 -1 -1
401 493 494 -1 -1
401 493 499 -1 -1
401 493 506 -1 -1
401 494 502 -1 -1
401 494 507 -1 -1
401 499 507 -1 -1
401 506 507 -1 -1
402 407 451 -1 -1
402 407 476 -1 -1
402 408 430 -1 -1
402 408 467 -1 -1
402 416 438 -1 -1
402 416 475 -1 -1
402 418 430 -1 -1
402 418 455 -1 -1
402 418 456 -1 -1
402 418 467 -1 -1
402 418 493 -1 -1
361 473 487 -1 -1
361 473 488 -1 -1
361 473 494 -1 -1
402 423 480 -1 -1
402 425 429 -1 -1
402 427 455 -1 -1
402 427 482 -1 -1
402 427 489 -1 -1
402 427 490 -1 -1
402 427 491 -1 -1
402 427 494 -1 -1
402 427 496 -1 -1
292 387 477 -1 -1
402 428 460 -1 -1
402 428 487 -1 -1
402 428 488 -1 -1
402 429 432 -1 -1
402 429 460 -1 -1
402 429 462 -1 -1
402 429 487 -1 -1
402 429 489 -1 -1
402 429 490 -1 -1
402 429 491 -1 -1
402 429 494 -1 -1
402 429 502 -1 -1
402 430 445 -1 -1
402 430 464 -1 -1
402 430 501 -1 -1
402 432 480 -1 -1
402 438 448 -1 -1
402 438 455 -1 -1
402 438 456 -1 -1
402 438 502 -1 -1
402 445 467 -1 -1
402 445 468 -1 -1
402 460 464 -1 -1
402 460 501 -1 -1
402 464 467 -1 -1
402 464 482 -1 -1
402 464 487 -1 -1
402 464 488 -1 -1
402 464 496 -1 -1
402 467 501 -1 -1
402 480 487 -1 -1
402 480 489 -1 -1
402 480 490 -1 -1
402 480 491 -1 -1
402 480 494 -1 -1
402 480 499 -1 -1
402 480 506 -1 -1
402 480 507 -1 -1
402 482 501 -1 -1
402 487 501 -1 -1
402 488 501 -1 -1
402 496 501 -1 -1
226 376 443 -1 -1
362 376 443 -1 -1
362 397 474 -1 -1
362 398 400 -1 -1
362 399 502 -1 -1
327 328 381 -1 -1
327 328 416 -1 -1
327 328 455 -1 -1
327 328 456 -1 -1
327 328 493 -1 -1
327 328 507 -1 -1
362 426 436 -1 -1
327 333 436 -1 -1
362 436 463 -1 -1
362 436 499 -1 -1
362 436 500 -1 -1
362 473 502 -1 -1
362 473 507 -1 -1
404 420 478 -1 -1
327 359 364 -1 -1
327 364 424 -1 -1
327 376 466 -1 -1
327 376 503 -1 -1
404 477 479 -1 -1
363 386 474 -1 -1
363 391 511 -1 -1
327 386 393 -1 -1
327 386 431 -1 -1
327 386 468 -1 -1
405 410 432 -1 -1
405 410 461 -1 -1
327 386 505 -1 -1
405 410 506 -1 -1
363 400 402 -1 -1
363 400 464 -1 -1
363 400 501 -1 -1
405 411 432 -1 -1
405 411 435 -1 -1
405 411 463 -1 -1
405 411 472 -1 -1
405 411 485 -1 -1
405 411 499 -1 -1
405 411 500 -1 -1
363 401 511 -1 -1
405 413 461 -1 -1
327 393 428 -1 -1
327 393 465 -1 -1
327 396 438 -1 -1
327 396 475 -1 -1
327 397 444 -1 -1
327 401 424 -1 -1
327 402 505 -1 -1
327 408 436 -1 -1
405 438 485 -1 -1
405 438 499 -1 -1
405 438 500 -1 -1
405 438 509 -1 -1
363 416 511 -1 -1
327 413 479 -1 -1
363 428 511 -1 -1
363 430 511 -1 -1
363 437 448 -1 -1
363 437 480 -1 -1
363 437 502 -1 -1
327 432 438 -1 -1
327 432 475 -1 -1
327 438 491 -1 -1
327 438 493 -1 -1
327 438 506 -1 -1
327 438 507 -1 -1
363 455 511 -1 -1
363 460 511 -1 -1
363 465 511 -1 -1
363 474 480 -1 -1
363 474 501 -1 -1
363 489 511 -1 -1
363 494 511 -1 -1
363 499 511 -1 -1
364 365 429 -1 -1
327 444 476 -1 -1
327 448 480 -1 -1
364 365 466 -1 -1
364 365 503 -1 -1
327 456 475 -1 -1
327 466 476 -1 -1
327 475 491 -1 -1
327 475 493 -1 -1
327 475 499 -1 -1
327 475 506 -1 -1
327 475 507 -1 -1
406 426 429 -1 -1
327 480 502 -1 -1
364 380 451 -1 -1
406 435 443 -1 -1
406 435 507 -1 -1
364 381 429 -1 -1
364 381 503 -1 -1
364 386 488 -1 -1
364 386 496 -1 -1
364 391 396 -1 -1
364 391 427 -1 -1
364 391 455 -1 -1
364 391 489 -1 -1
364 391 494 -1 -1
364 392 487 -1 -1
364 392 488 -1 -1
328 333 482 -1 -1
328 334 372 -1 -1
406 463 502 -1 -1
406 463 506 -1 -1
406 463 507 -1 -1
328 334 408 -1 -1
328 335 354 -1 -1
328 335 497 -1 -1
406 472 507 -1 -1
364 394 438 -1 -1
364 394 475 -1 -1
406 485 502 -1 -1
406 485 506 -1 -1
406 499 502 -1 -1
406 499 506 -1 -1
406 500 502 -1 -1
406 500 506 -1 -1
364 400 511 -1 -1
364 401 451 -1 -1
364 402 460 -1 -1
364 402 487 -1 -1
364 402 489 -1 -1
364 402 490 -1 -1
364 402 491 -1 -1
364 402 494 -1 -1
364 402 499 -1 -1
364 402 502 -1 -1
364 402 506 -1 -1
364 406 451 -1 -1
364 407 439 -1 -1
364 407 476 -1 -1
407 409 436 -1 -1
407 416 444 -1 -1
364 425 426 -1 -1
364 426 462 -1 -1
364 427 455 -1 -1
407 424 428 -1 -1
328 356 446 -1 -1
364 427 487 -1 -1
364 427 489 -1 -1
364 427 490 -1 -1
364 427 491 -1 -1
364 427 494 -1 -1
364 427 499 -1 -1
364 427 506 -1 -1
364 428 487 -1 -1
364 428 489 -1 -1
364 428 494 -1 -1
364 429 448 -1 -1
364 429 480 -1 -1
364 429 502 -1 -1
364 429 507 -1 -1
364 430 438 -1 -1
364 430 475 -1 -1
364 430 503 -1 -1
364 431 438 -1 -1
364 431 475 -1 -1
407 429 472 -1 -1
407 429 476 -1 -1
328 360 402 -1 -1
328 360 466 -1 -1
364 438 468 -1 -1
364 438 505 -1 -1
364 439 446 -1 -1
364 445 451 -1 -1
364 446 461 -1 -1
364 446 476 -1 -1
364 446 498 -1 -1
364 448 451 -1 -1
364 448 503 -1 -1
407 446 450 -1 -1
364 455 465 -1 -1
407 451 504 -1 -1
407 451 505 -1 -1
364 460 501 -1 -1
364 464 489 -1 -1
364 464 490 -1 -1
364 464 491 -1 -1
364 464 494 -1 -1
364 464 506 -1 -1
364 464 507 -1 -1
364 465 487 -1 -1
364 465 489 -1 -1
364 465 494 -1 -1
328 365 428 -1 -1
328 365 465 -1 -1
328 365 466 -1 -1
328 365 503 -1 -1
364 467 475 -1 -1
364 468 475 -1 -1
364 480 503 -1 -1
364 489 501 -1 -1
364 490 501 -1 -1
364 491 501 -1 -1
364 494 501 -1 -1
364 501 506 -1 -1
364 501 507 -1 -1
407 498 503 -1 -1
328 376 466 -1 -1
365 366 476 -1 -1
408 409 436 -1 -1
328 386 451 -1 -1
408 416 429 -1 -1
408 416 464 -1 -1
408 416 501 -1 -1
328 391 451 -1 -1
328 392 439 -1 -1
328 393 465 -1 -1
408 421 444 -1 -1
365 386 429 -1 -1
408 423 464 -1 -1
408 423 501 -1 -1
408 423 503 -1 -1
408 424 503 -1 -1
365 386 503 -1 -1
408 426 443 -1 -1
408 427 430 -1 -1
365 391 438 -1 -1
408 430 464 -1 -1
408 430 480 -1 -1
408 430 501 -1 -1
408 431 446 -1 -1
328 402 406 -1 -1
328 402 423 -1 -1
328 402 498 -1 -1
328 406 471 -1 -1
365 392 475 -1 -1
328 407 445 -1 -1
408 443 463 -1 -1
408 443 485 -1 -1
408 443 500 -1 -1
408 445 446 -1 -1
408 446 450 -1 -1
408 446 468 -1 -1
408 446 505 -1 -1
365 401 460 -1 -1
365 401 487 -1 -1
365 401 489 -1 -1
365 401 490 -1 -1
365 401 491 -1 -1
365 401 496 -1 -1
365 401 499 -1 -1
365 401 502 -1 -1
365 401 506 -1 -1
365 402 438 -1 -1
408 465 476 -1 -1
365 409 473 -1 -1
408 467 480 -1 -1
408 467 501 -1 -1
408 476 503 -1 -1
408 480 498 -1 -1
408 496 503 -1 -1
365 427 438 -1 -1
365 427 446 -1 -1
365 427 475 -1 -1
365 428 475 -1 -1
328 431 438 -1 -1
328 431 446 -1 -1
328 438 505 -1 -1
328 439 451 -1 -1
328 444 498 -1 -1
328 445 463 -1 -1
328 445 482 -1 -1
328 445 500 -1 -1
328 448 466 -1 -1
365 438 464 -1 -1
365 438 465 -1 -1
365 439 456 -1 -1
365 439 491 -1 -1
365 439 493 -1 -1
365 439 502 -1 -1
365 439 506 -1 -1
328 460 466 -1 -1
328 464 468 -1 -1
328 465 504 -1 -1
328 466 476 -1 -1
328 466 487 -1 -1
328 466 488 -1 -1
328 466 502 -1 -1
328 468 475 -1 -1
328 468 501 -1 -1
328 468 503 -1 -1
365 451 460 -1 -1
365 451 461 -1 -1
328 476 503 -1 -1
365 451 498 -1 -1
409 436 439 -1 -1
365 465 475 -1 -1
329 330 335 -1 -1
329 330 370 -1 -1
366 368 413 -1 -1
410 414 478 -1 -1
410 427 479 -1 -1
329 365 439 -1 -1
329 365 476 -1 -1
329 368 476 -1 -1
410 464 479 -1 -1
410 479 489 -1 -1
410 479 490 -1 -1
410 479 491 -1 -1
410 479 494 -1 -1
410 479 499 -1 -1
410 479 501 -1 -1
366 440 463 -1 -1
366 440 485 -1 -1
366 440 499 -1 -1
366 440 500 -1 -1
411 431 479 -1 -1
366 471 478 -1 -1
411 443 479 -1 -1
411 446 479 -1 -1
411 467 479 -1 -1
411 468 479 -1 -1
295 298 339 -1 -1
367 410 441 -1 -1
330 334 373 -1 -1
295 305 359 -1 -1
295 305 380 -1 -1
367 411 441 -1 -1
330 339 418 -1 -1
413 426 442 -1 -1
413 442 500 -1 -1
261 296 409 -1 -1
330 354 403 -1 -1
368 381 503 -1 -1
368 392 475 -1 -1
330 374 429 -1 -1
330 374 444 -1 -1
330 374 502 -1 -1
368 394 411 -1 -1
330 380 403 -1 -1
295 342 421 -1 -1
368 410 420 -1 -1
368 410 426 -1 -1
368 411 431 -1 -1
368 411 468 -1 -1
368 411 505 -1 -1
368 426 442 -1 -1
368 428 475 -1 -1
330 406 482 -1 -1
295 363 416 -1 -1
295 363 420 -1 -1
368 465 475 -1 -1
368 475 503 -1 -1
368 476 479 -1 -1
370 371 386 -1 -1
370 371 480 -1 -1
370 386 426 -1 -1
370 386 463 -1 -1
370 386 485 -1 -1
370 386 499 -1 -1
370 386 500 -1 -1
370 391 424 -1 -1
370 396 427 -1 -1
370 396 488 -1 -1
370 396 494 -1 -1
370 399 406 -1 -1
370 399 472 -1 -1
261 354 508 -1 -1
370 418 463 -1 -1
370 418 485 -1 -1
370 418 499 -1 -1
370 418 500 -1 -1
370 420 440 -1 -1
295 420 437 -1 -1
261 386 501 -1 -1
261 386 508 -1 -1
295 420 511 -1 -1
370 424 428 -1 -1
295 421 437 -1 -1
370 424 455 -1 -1
370 424 456 -1 -1
370 424 493 -1 -1
370 426 430 -1 -1
370 426 432 -1 -1
370 426 467 -1 -1
370 426 480 -1 -1
370 426 506 -1 -1
370 428 476 -1 -1
370 439 455 -1 -1
370 439 456 -1 -1
370 439 493 -1 -1
370 456 476 -1 -1
370 463 480 -1 -1
370 473 509 -1 -1
370 476 493 -1 -1
370 480 485 -1 -1
261 419 478 -1 -1
261 424 471 -1 -1
261 436 497 -1 -1
261 436 498 -1 -1
228 312 439 -1 -1
261 448 508 -1 -1
296 299 407 -1 -1
296 299 423 -1 -1
296 299 487 -1 -1
296 299 488 -1 -1
296 299 494 -1 -1
296 299 497 -1 -1
331 368 396 -1 -1
261 471 497 -1 -1
261 488 508 -1 -1
331 381 392 -1 -1
331 405 426 -1 -1
331 408 438 -1 -1
296 323 425 -1 -1
296 323 432 -1 -1
296 323 435 -1 -1
296 323 455 -1 -1
296 323 462 -1 -1
296 323 489 -1 -1
296 323 490 -1 -1
296 323 491 -1 -1
296 323 494 -1 -1
331 426 442 -1 -1
331 427 479 -1 -1
331 429 438 -1 -1
331 429 475 -1 -1
296 330 388 -1 -1
331 436 510 -1 -1
296 330 482 -1 -1
331 442 499 -1 -1
331 442 500 -1 -1
331 448 479 -1 -1
296 335 476 -1 -1
296 336 440 -1 -1
331 455 479 -1 -1
331 464 479 -1 -1
331 479 489 -1 -1
331 479 494 -1 -1
331 479 499 -1 -1
296 342 409 -1 -1
372 380 506 -1 -1
372 380 507 -1 -1
333 335 394 -1 -1
333 335 431 -1 -1
333 335 467 -1 -1
333 335 468 -1 -1
333 336 337 -1 -1
296 354 402 -1 -1
296 354 465 -1 -1
333 339 471 -1 -1
333 342 408 -1 -1
372 400 467 -1 -1
296 359 423 -1 -1
296 359 425 -1 -1
296 359 435 -1 -1
296 359 456 -1 -1
296 359 462 -1 -1
296 359 464 -1 -1
296 359 490 -1 -1
296 359 491 -1 -1
296 359 493 -1 -1
296 359 501 -1 -1
296 359 506 -1 -1
296 361 391 -1 -1
296 361 455 -1 -1
296 361 456 -1 -1
296 361 493 -1 -1
296 361 499 -1 -1
296 365 428 -1 -1
296 365 430 -1 -1
296 365 435 -1 -1
296 365 455 -1 -1
296 365 456 -1 -1
296 365 493 -1 -1
296 368 381 -1 -1
296 371 443 -1 -1
372 437 498 -1 -1
296 380 455 -1 -1
296 380 460 -1 -1
296 380 462 -1 -1
296 380 487 -1 -1
296 380 489 -1 -1
296 380 490 -1 -1
296 380 491 -1 -1
296 380 494 -1 -1
333 359 398 -1 -1
333 359 426 -1 -1
333 361 397 -1 -1
333 361 426 -1 -1
296 386 471 -1 -1
296 386 472 -1 -1
296 386 502 -1 -1
296 386 508 -1 -1
296 389 393 -1 -1
296 389 505 -1 -1
333 365 380 -1 -1
296 391 432 -1 -1
296 391 471 -1 -1
296 391 472 -1 -1
296 391 508 -1 -1
296 394 445 -1 -1
333 370 402 -1 -1
296 397 509 -1 -1
296 398 406 -1 -1
296 398 440 -1 -1
296 398 455 -1 -1
296 398 456 -1 -1
296 398 460 -1 -1
296 398 487 -1 -1
296 398 488 -1 -1
296 398 501 -1 -1
296 406 444 -1 -1
296 406 464 -1 -1
296 406 467 -1 -1
296 406 501 -1 -1
296 406 506 -1 -1
296 407 440 -1 -1
296 407 507 -1 -1
333 380 464 -1 -1
333 380 476 -1 -1
333 380 501 -1 -1
333 380 503 -1 -1
333 381 479 -1 -1
333 386 397 -1 -1
333 391 439 -1 -1
333 391 485 -1 -1
333 391 499 -1 -1
333 392 472 -1 -1
296 419 482 -1 -1
296 419 483 -1 -1
296 424 507 -1 -1
333 397 429 -1 -1
333 397 480 -1 -1
333 397 501 -1 -1
333 398 464 -1 -1
333 398 503 -1 -1
296 425 464 -1 -1
296 425 487 -1 -1
296 425 489 -1 -1
296 425 490 -1 -1
296 425 491 -1 -1
296 425 494 -1 -1
296 425 499 -1 -1
296 425 501 -1 -1
296 426 499 -1 -1
296 426 500 -1 -1
296 427 487 -1 -1
296 427 489 -1 -1
296 427 490 -1 -1
296 427 491 -1 -1
296 427 494 -1 -1
296 428 435 -1 -1
296 428 448 -1 -1
296 428 460 -1 -1
296 428 488 -1 -1
296 428 496 -1 -1
296 429 502 -1 -1
296 432 488 -1 -1
296 432 496 -1 -1
296 432 497 -1 -1
296 432 508 -1 -1
296 435 440 -1 -1
296 435 493 -1 -1
296 436 444 -1 -1
333 402 471 -1 -1
333 402 476 -1 -1
333 402 485 -1 -1
333 402 499 -1 -1
333 402 509 -1 -1
296 439 462 -1 -1
296 439 485 -1 -1
296 440 460 -1 -1
296 440 501 -1 -1
296 443 497 -1 -1
296 443 507 -1 -1
296 445 467 -1 -1
333 407 476 -1 -1
296 448 503 -1 -1
296 455 456 -1 -1
296 455 464 -1 -1
296 455 493 -1 -1
296 456 487 -1 -1
296 456 489 -1 -1
296 456 490 -1 -1
296 456 494 -1 -1
296 460 464 -1 -1
296 460 501 -1 -1
296 460 508 -1 -1
296 461 476 -1 -1
296 462 464 -1 -1
296 462 487 -1 -1
296 462 489 -1 -1
296 462 490 -1 -1
296 462 491 -1 -1
296 462 494 -1 -1
296 462 499 -1 -1
296 462 501 -1 -1
296 462 506 -1 -1
296 464 489 -1 -1
296 464 490 -1 -1
296 464 491 -1 -1
296 464 494 -1 -1
296 464 506 -1 -1
296 465 471 -1 -1
296 465 472 -1 -1
296 465 508 -1 -1
296 466 480 -1 -1
296 467 507 -1 -1
296 468 505 -1 -1
296 471 472 -1 -1
296 471 487 -1 -1
296 471 488 -1 -1
296 471 509 -1 -1
296 472 508 -1 -1
296 480 502 -1 -1
333 416 444 -1 -1
296 487 491 -1 -1
296 487 493 -1 -1
296 487 506 -1 -1
296 488 506 -1 -1
296 488 508 -1 -1
296 489 491 -1 -1
296 489 493 -1 -1
296 489 501 -1 -1
296 489 506 -1 -1
296 490 491 -1 -1
296 490 493 -1 -1
296 490 501 -1 -1
296 491 494 -1 -1
296 491 501 -1 -1
296 493 494 -1 -1
296 494 501 -1 -1
296 494 506 -1 -1
296 501 506 -1 -1
333 426 429 -1 -1
333 426 464 -1 -1
333 426 480 -1 -1
333 426 501 -1 -1
333 427 439 -1 -1
333 428 439 -1 -1
333 429 439 -1 -1
333 429 463 -1 -1
333 429 485 -1 -1
333 429 499 -1 -1
333 429 500 -1 -1
333 443 444 -1 -1
333 443 467 -1 -1
333 463 480 -1 -1
333 465 509 -1 -1
333 472 503 -1 -1
333 480 485 -1 -1
333 480 499 -1 -1
333 480 500 -1 -1
333 485 501 -1 -1
333 499 501 -1 -1
334 335 356 -1 -1
334 335 408 -1 -1
196 236 328 -1 -1
334 342 421 -1 -1
334 363 386 -1 -1
374 401 442 -1 -1
229 280 323 -1 -1
297 373 442 -1 -1
334 431 437 -1 -1
334 437 468 -1 -1
335 339 439 -1 -1
335 356 426 -1 -1
376 380 391 -1 -1
376 380 392 -1 -1
376 380 425 -1 -1
376 380 427 -1 -1
376 380 430 -1 -1
376 380 462 -1 -1
335 370 446 -1 -1
376 386 460 -1 -1
376 386 480 -1 -1
376 386 498 -1 -1
298 302 473 -1 -1
376 391 423 -1 -1
376 391 461 -1 -1
376 391 496 -1 -1
376 391 497 -1 -1
376 391 498 -1 -1
263 339 444 -1 -1
376 396 471 -1 -1
376 397 439 -1 -1
376 397 463 -1 -1
376 397 499 -1 -1
335 389 463 -1 -1
376 403 410 -1 -1
335 393 499 -1 -1
335 393 500 -1 -1
335 394 448 -1 -1
335 394 488 -1 -1
263 352 437 -1 -1
335 402 426 -1 -1
376 423 427 -1 -1
376 423 428 -1 -1
376 424 456 -1 -1
376 424 464 -1 -1
376 424 493 -1 -1
376 424 507 -1 -1
376 424 508 -1 -1
376 427 496 -1 -1
376 427 497 -1 -1
376 427 498 -1 -1
376 428 461 -1 -1
376 428 496 -1 -1
376 428 498 -1 -1
298 324 510 -1 -1
263 365 402 -1 -1
335 421 473 -1 -1
335 426 451 -1 -1
376 446 451 -1 -1
298 336 409 -1 -1
335 431 440 -1 -1
335 431 460 -1 -1
335 431 461 -1 -1
335 431 480 -1 -1
335 431 498 -1 -1
335 438 479 -1 -1
376 456 461 -1 -1
376 456 497 -1 -1
376 461 491 -1 -1
376 461 508 -1 -1
376 463 471 -1 -1
376 464 497 -1 -1
376 471 500 -1 -1
335 443 451 -1 -1
376 476 501 -1 -1
335 461 468 -1 -1
376 493 497 -1 -1
376 497 507 -1 -1
376 497 508 -1 -1
336 339 421 -1 -1
298 362 511 -1 -1
298 363 420 -1 -1
298 389 399 -1 -1
264 276 482 -1 -1
298 451 473 -1 -1
230 267 327 -1 -1
336 478 480 -1 -1
299 302 305 -1 -1
299 302 468 -1 -1
264 301 480 -1 -1
337 348 380 -1 -1
337 348 429 -1 -1
337 348 502 -1 -1
337 353 380 -1 -1
337 353 429 -1 -1
337 353 502 -1 -1
299 323 460 -1 -1
299 323 461 -1 -1
299 323 498 -1 -1
299 323 507 -1 -1
299 327 448 -1 -1
299 331 368 -1 -1
299 335 443 -1 -1
299 336 380 -1 -1
299 336 448 -1 -1
299 336 489 -1 -1
299 336 490 -1 -1
299 336 491 -1 -1
299 336 494 -1 -1
299 336 496 -1 -1
299 336 499 -1 -1
299 336 506 -1 -1
337 373 474 -1 -1
337 374 380 -1 -1
337 374 425 -1 -1
337 374 432 -1 -1
337 374 462 -1 -1
337 374 489 -1 -1
337 374 490 -1 -1
337 374 491 -1 -1
337 374 494 -1 -1
337 374 496 -1 -1
337 374 506 -1 -1
299 342 435 -1 -1
299 342 472 -1 -1
264 334 348 -1 -1
337 402 410 -1 -1
299 354 406 -1 -1
337 410 429 -1 -1
299 356 428 -1 -1
299 356 465 -1 -1
299 356 476 -1 -1
230 323 341 -1 -1
299 360 462 -1 -1
299 364 416 -1 -1
299 364 476 -1 -1
197 261 269 -1 -1
380 381 401 -1 -1
299 380 423 -1 -1
299 380 427 -1 -1
299 380 488 -1 -1
299 380 496 -1 -1
380 386 402 -1 -1
299 381 442 -1 -1
380 386 429 -1 -1
264 375 428 -1 -1
264 375 444 -1 -1
380 391 448 -1 -1
380 391 503 -1 -1
338 339 348 -1 -1
338 339 353 -1 -1
380 392 443 -1 -1
380 392 466 -1 -1
380 392 503 -1 -1
380 393 430 -1 -1
380 393 431 -1 -1
380 393 467 -1 -1
380 394 431 -1 -1
380 394 504 -1 -1
380 394 505 -1 -1
380 396 425 -1 -1
380 396 455 -1 -1
380 396 456 -1 -1
380 396 493 -1 -1
380 397 401 -1 -1
380 397 456 -1 -1
299 392 444 -1 -1
299 393 421 -1 -1
380 401 430 -1 -1
380 401 439 -1 -1
380 401 448 -1 -1
380 401 455 -1 -1
380 401 460 -1 -1
380 401 480 -1 -1
380 401 489 -1 -1
380 401 494 -1 -1
380 401 502 -1 -1
380 402 475 -1 -1
299 396 439 -1 -1
299 396 476 -1 -1
299 398 436 -1 -1
299 401 425 -1 -1
299 401 426 -1 -1
299 401 440 -1 -1
299 401 462 -1 -1
380 416 466 -1 -1
380 418 448 -1 -1
299 406 487 -1 -1
299 406 488 -1 -1
299 406 497 -1 -1
299 406 502 -1 -1
299 409 436 -1 -1
380 420 421 -1 -1
380 423 461 -1 -1
380 424 461 -1 -1
380 425 448 -1 -1
380 425 460 -1 -1
380 425 488 -1 -1
380 425 496 -1 -1
380 426 439 -1 -1
380 426 463 -1 -1
380 426 499 -1 -1
380 426 500 -1 -1
380 427 448 -1 -1
380 427 455 -1 -1
380 427 456 -1 -1
299 416 444 -1 -1
380 427 471 -1 -1
380 427 493 -1 -1
380 428 466 -1 -1
380 428 503 -1 -1
380 429 444 -1 -1
264 412 478 -1 -1
380 430 487 -1 -1
380 430 488 -1 -1
380 430 504 -1 -1
380 431 504 -1 -1
380 432 498 -1 -1
380 432 506 -1 -1
380 435 436 -1 -1
380 436 510 -1 -1
299 420 505 -1 -1
299 423 430 -1 -1
299 424 430 -1 -1
299 424 467 -1 -1
299 425 448 -1 -1
380 443 503 -1 -1
380 444 465 -1 -1
380 448 456 -1 -1
380 448 462 -1 -1
380 448 464 -1 -1
380 448 490 -1 -1
380 448 491 -1 -1
380 448 493 -1 -1
380 448 501 -1 -1
380 448 506 -1 -1
380 448 507 -1 -1
380 448 508 -1 -1
299 430 497 -1 -1
299 436 509 -1 -1
380 460 462 -1 -1
380 460 487 -1 -1
380 460 489 -1 -1
380 460 490 -1 -1
380 460 491 -1 -1
380 460 494 -1 -1
380 460 496 -1 -1
380 460 501 -1 -1
380 461 497 -1 -1
380 462 488 -1 -1
380 462 496 -1 -1
380 465 466 -1 -1
380 465 503 -1 -1
380 466 480 -1 -1
380 467 471 -1 -1
299 444 451 -1 -1
299 444 465 -1 -1
299 444 503 -1 -1
299 448 462 -1 -1
299 461 490 -1 -1
299 461 491 -1 -1
299 463 488 -1 -1
299 463 497 -1 -1
299 467 497 -1 -1
380 467 487 -1 -1
380 467 488 -1 -1
380 467 507 -1 -1
380 468 504 -1 -1
380 471 488 -1 -1
380 487 488 -1 -1
380 487 502 -1 -1
380 488 489 -1 -1
380 488 490 -1 -1
380 488 491 -1 -1
380 488 494 -1 -1
380 488 501 -1 -1
380 488 502 -1 -1
380 488 506 -1 -1
380 488 507 -1 -1
380 489 496 -1 -1
380 490 496 -1 -1
380 491 496 -1 -1
380 494 496 -1 -1
380 496 501 -1 -1
380 502 508 -1 -1
380 504 505 -1 -1
299 485 488 -1 -1
299 485 497 -1 -1
299 488 500 -1 -1
299 497 500 -1 -1
381 401 430 -1 -1
381 401 455 -1 -1
381 401 489 -1 -1
381 401 490 -1 -1
381 401 494 -1 -1
381 401 499 -1 -1
381 401 506 -1 -1
381 402 438 -1 -1
381 402 460 -1 -1
381 402 488 -1 -1
381 402 509 -1 -1
381 405 508 -1 -1
381 408 476 -1 -1
197 324 325 -1 -1
300 337 440 -1 -1
300 339 361 -1 -1
300 339 432 -1 -1
300 339 460 -1 -1
300 339 480 -1 -1
300 339 482 -1 -1
300 339 487 -1 -1
300 339 489 -1 -1
300 339 490 -1 -1
300 339 491 -1 -1
300 339 496 -1 -1
300 339 507 -1 -1
339 354 396 -1 -1
339 357 478 -1 -1
339 360 392 -1 -1
339 360 444 -1 -1
339 360 466 -1 -1
339 370 423 -1 -1
339 370 427 -1 -1
339 370 448 -1 -1
339 370 467 -1 -1
339 370 488 -1 -1
339 370 497 -1 -1
339 370 502 -1 -1
339 371 391 -1 -1
339 371 427 -1 -1
339 371 428 -1 -1
339 371 440 -1 -1
339 371 455 -1 -1
339 371 456 -1 -1
339 371 465 -1 -1
339 371 493 -1 -1
300 376 432 -1 -1
339 374 425 -1 -1
339 374 426 -1 -1
339 374 462 -1 -1
339 374 463 -1 -1
339 374 485 -1 -1
339 374 500 -1 -1
300 376 480 -1 -1
300 376 506 -1 -1
300 376 507 -1 -1
339 391 408 -1 -1
339 391 426 -1 -1
339 392 425 -1 -1
339 392 462 -1 -1
339 392 463 -1 -1
339 396 444 -1 -1
339 401 425 -1 -1
339 401 426 -1 -1
339 401 462 -1 -1
339 401 463 -1 -1
339 401 485 -1 -1
339 401 500 -1 -1
339 407 508 -1 -1
339 408 427 -1 -1
339 408 428 -1 -1
339 408 455 -1 -1
339 408 456 -1 -1
339 408 465 -1 -1
265 336 439 -1 -1
339 408 493 -1 -1
339 425 444 -1 -1
339 425 466 -1 -1
339 426 428 -1 -1
339 426 444 -1 -1
339 427 443 -1 -1
339 430 445 -1 -1
339 438 440 -1 -1
339 443 464 -1 -1
339 443 501 -1 -1
339 444 463 -1 -1
339 445 468 -1 -1
339 462 466 -1 -1
339 463 466 -1 -1
339 466 485 -1 -1
339 466 500 -1 -1
265 357 424 -1 -1
265 357 448 -1 -1
265 357 498 -1 -1
301 302 338 -1 -1
265 391 441 -1 -1
265 418 439 -1 -1
265 418 446 -1 -1
265 418 476 -1 -1
265 427 441 -1 -1
265 441 465 -1 -1
340 410 479 -1 -1
301 405 412 -1 -1
302 328 329 -1 -1
342 363 376 -1 -1
342 365 409 -1 -1
302 335 360 -1 -1
302 335 455 -1 -1
302 335 456 -1 -1
302 335 493 -1 -1
342 373 405 -1 -1
342 379 399 -1 -1
342 391 409 -1 -1
302 354 403 -1 -1
302 354 416 -1 -1
302 356 364 -1 -1
302 359 450 -1 -1
342 409 416 -1 -1
342 409 439 -1 -1
302 364 428 -1 -1
302 366 392 -1 -1
342 425 511 -1 -1
342 426 435 -1 -1
342 426 472 -1 -1
342 426 474 -1 -1
342 426 511 -1 -1
302 380 388 -1 -1
342 427 509 -1 -1
302 380 466 -1 -1
342 432 509 -1 -1
342 435 463 -1 -1
342 435 500 -1 -1
302 386 401 -1 -1
342 445 451 -1 -1
302 391 466 -1 -1
302 392 393 -1 -1
302 392 431 -1 -1
302 392 504 -1 -1
302 392 505 -1 -1
302 393 444 -1 -1
302 393 448 -1 -1
302 401 480 -1 -1
302 401 487 -1 -1
302 401 488 -1 -1
302 403 444 -1 -1
342 462 511 -1 -1
342 463 472 -1 -1
342 464 509 -1 -1
342 472 485 -1 -1
342 472 499 -1 -1
342 472 500 -1 -1
342 474 485 -1 -1
342 485 511 -1 -1
342 489 509 -1 -1
342 490 509 -1 -1
342 491 509 -1 -1
342 494 509 -1 -1
342 499 509 -1 -1
342 501 509 -1 -1
342 502 509 -1 -1
342 506 509 -1 -1
302 416 502 -1 -1
302 424 450 -1 -1
302 431 438 -1 -1
302 438 467 -1 -1
302 438 468 -1 -1
343 353 372 -1 -1
302 444 480 -1 -1
302 444 482 -1 -1
302 444 488 -1 -1
302 444 494 -1 -1
302 444 496 -1 -1
302 444 508 -1 -1
302 446 467 -1 -1
302 446 468 -1 -1
302 448 455 -1 -1
302 448 489 -1 -1
302 448 490 -1 -1
302 448 491 -1 -1
302 448 494 -1 -1
302 448 499 -1 -1
302 448 506 -1 -1
302 448 507 -1 -1
302 450 508 -1 -1
302 456 466 -1 -1
302 464 466 -1 -1
302 466 493 -1 -1
302 466 508 -1 -1
302 482 502 -1 -1
302 493 502 -1 -1
302 502 508 -1 -1
303 304 407 -1 -1
304 341 442 -1 -1
268 305 499 -1 -1
233 306 381 -1 -1
268 354 412 -1 -1
346 366 383 -1 -1
346 383 430 -1 -1
305 336 440 -1 -1
305 363 455 -1 -1
305 363 456 -1 -1
305 363 480 -1 -1
305 363 493 -1 -1
305 363 502 -1 -1
305 386 446 -1 -1
305 389 435 -1 -1
305 393 397 -1 -1
305 393 471 -1 -1
305 393 508 -1 -1
305 394 397 -1 -1
305 394 471 -1 -1
305 394 474 -1 -1
305 394 508 -1 -1
305 397 504 -1 -1
305 409 466 -1 -1
305 418 446 -1 -1
305 431 471 -1 -1
305 431 508 -1 -1
348 349 353 -1 -1
200 223 397 -1 -1
200 223 456 -1 -1
200 223 462 -1 -1
200 223 493 -1 -1
200 223 501 -1 -1
269 302 463 -1 -1
269 302 482 -1 -1
269 302 500 -1 -1
305 468 471 -1 -1
305 468 474 -1 -1
269 306 379 -1 -1
305 468 508 -1 -1
305 474 504 -1 -1
305 474 505 -1 -1
234 271 428 -1 -1
234 271 456 -1 -1
234 271 465 -1 -1
234 271 493 -1 -1
269 327 429 -1 -1
269 327 444 -1 -1
269 327 464 -1 -1
269 327 466 -1 -1
269 327 501 -1 -1
269 327 503 -1 -1
269 328 364 -1 -1
269 328 365 -1 -1
269 328 393 -1 -1
269 328 401 -1 -1
269 328 420 -1 -1
269 328 504 -1 -1
269 328 505 -1 -1
269 333 359 -1 -1
269 334 473 -1 -1
269 342 440 -1 -1
349 354 380 -1 -1
349 354 397 -1 -1
349 354 425 -1 -1
349 354 448 -1 -1
349 354 455 -1 -1
349 354 462 -1 -1
349 354 471 -1 -1
349 354 489 -1 -1
349 354 490 -1 -1
349 354 491 -1 -1
349 354 494 -1 -1
349 354 506 -1 -1
349 354 507 -1 -1
269 365 392 -1 -1
269 372 406 -1 -1
269 391 407 -1 -1
269 391 446 -1 -1
269 393 451 -1 -1
269 402 431 -1 -1
269 402 468 -1 -1
269 407 427 -1 -1
269 407 501 -1 -1
269 411 439 -1 -1
269 424 429 -1 -1
269 424 503 -1 -1
269 428 446 -1 -1
269 432 446 -1 -1
269 446 465 -1 -1
269 446 504 -1 -1
269 451 471 -1 -1
269 451 498 -1 -1
350 351 355 -1 -1
307 322 348 -1 -1
307 348 427 -1 -1
307 348 430 -1 -1
307 348 432 -1 -1
307 348 467 -1 -1
307 348 488 -1 -1
270 306 379 -1 -1
270 307 423 -1 -1
270 307 461 -1 -1
270 307 497 -1 -1
270 307 498 -1 -1
201 223 287 -1 -1
271 308 476 -1 -1
201 331 355 -1 -1
201 355 368 -1 -1
236 275 290 -1 -1
236 341 354 -1 -1
236 341 485 -1 -1
273 293 382 -1 -1
273 315 472 -1 -1
273 315 509 -1 -1
273 331 380 -1 -1
312 328 354 -1 -1
312 328 355 -1 -1
273 374 393 -1 -1
273 374 425 -1 -1
273 374 432 -1 -1
273 374 435 -1 -1
273 374 455 -1 -1
273 374 462 -1 -1
273 374 489 -1 -1
273 374 490 -1 -1
273 374 491 -1 -1
273 374 494 -1 -1
273 374 502 -1 -1
273 374 506 -1 -1
273 405 406 -1 -1
273 408 442 -1 -1
273 408 479 -1 -1
273 411 435 -1 -1
273 411 463 -1 -1
273 411 485 -1 -1
273 411 499 -1 -1
273 411 500 -1 -1
273 442 443 -1 -1
273 476 477 -1 -1
314 351 398 -1 -1
314 351 435 -1 -1
314 351 472 -1 -1
169 228 339 -1 -1
239 280 312 -1 -1
169 354 411 -1 -1
239 322 347 -1 -1
317 352 387 -1 -1
317 387 402 -1 -1
240 277 420 -1 -1
279 316 410 -1 -1
279 316 425 -1 -1
279 316 448 -1 -1
279 316 455 -1 -1
279 316 462 -1 -1
279 316 489 -1 -1
279 316 490 -1 -1
279 316 491 -1 -1
279 316 494 -1 -1
279 316 504 -1 -1
279 316 506 -1 -1
206 276 340 -1 -1
243 290 386 -1 -1
173 208 282 -1 -1
173 347 352 -1 -1
209 258 426 -1 -1
209 258 485 -1 -1
209 287 403 -1 -1
209 287 419 -1 -1
209 356 444 -1 -1
209 398 443 -1 -1
209 406 428 -1 -1
209 406 465 -1 -1
209 427 443 -1 -1
209 427 445 -1 -1
209 428 443 -1 -1
209 435 443 -1 -1
209 443 455 -1 -1
209 443 456 -1 -1
209 443 464 -1 -1
209 443 465 -1 -1
209 443 493 -1 -1
209 445 456 -1 -1
209 451 471 -1 -1
247 276 359 -1 -1
287 299 440 -1 -1
287 324 405 -1 -1
287 361 440 -1 -1
287 410 478 -1 -1
287 423 440 -1 -1
287 425 440 -1 -1
287 431 478 -1 -1
287 432 440 -1 -1
287 438 478 -1 -1
287 440 443 -1 -1
287 440 462 -1 -1
287 440 464 -1 -1
287 440 489 -1 -1
287 440 490 -1 -1
287 440 491 -1 -1
287 440 494 -1 -1
287 440 496 -1 -1
287 440 497 -1 -1
287 440 501 -1 -1
287 440 506 -1 -1
73 203 273 -1 -1
73 230 348 -1 -1
251 256 340 -1 -1
254 259 307 -1 -1
18 55 176 -1 -1
58 95 216 -1 -1
