388 -1 -1 -1 -1
391 -1 -1 -1 -1
393 -1 -1 -1 -1
416 -1 -1 -1 -1
430 -1 -1 -1 -1
455 -1 -1 -1 -1
457 -1 -1 -1 -1
458 -1 -1 -1 -1
459 -1 -1 -1 -1
464 -1 -1 -1 -1
467 -1 -1 -1 -1
480 -1 -1 -1 -1
484 -1 -1 -1 -1
485 -1 -1 -1 -1
489 -1 -1 -1 -1
490 -1 -1 -1 -1
491 -1 -1 -1 -1
492 -1 -1 -1 -1
494 -1 -1 -1 -1
495 -1 -1 -1 -1
496 -1 -1 -1 -1
497 -1 -1 -1 -1
499 -1 -1 -1 -1
487 488 -1 -1 -1
488 504 -1 -1 -1
493 501 -1 -1 -1
493 507 -1 -1 -1
493 509 -1 -1 -1
501 502 -1 -1 -1
322 443 -1 -1 -1
448 487 -1 -1 -1
448 488 -1 -1 -1
448 502 -1 -1 -1
448 504 -1 -1 -1
452 468 -1 -1 -1
359 396 -1 -1 -1
359 397 -1 -1 -1
456 493 -1 -1 -1
456 501 -1 -1 -1
359 407 -1 -1 -1
456 507 -1 -1 -1
456 509 -1 -1 -1
460 461 -1 -1 -1
460 498 -1 -1 -1
461 470 -1 -1 -1
461 471 -1 -1 -1
359 507 -1 -1 -1
461 498 -1 -1 -1
462 463 -1 -1 -1
462 500 -1 -1 -1
463 500 -1 -1 -1
327 403 -1 -1 -1
360 487 -1 -1 -1
360 488 -1 -1 -1
465 487 -1 -1 -1
465 488 -1 -1 -1
360 504 -1 -1 -1
465 502 -1 -1 -1
360 509 -1 -1 -1
465 504 -1 -1 -1
361 362 -1 -1 -1
468 505 -1 -1 -1
471 508 -1 -1 -1
328 364 -1 -1 -1
421 425 -1 -1 -1
421 426 -1 -1 -1
363 437 -1 -1 -1
421 462 -1 -1 -1
421 463 -1 -1 -1
364 428 -1 -1 -1
364 432 -1 -1 -1
364 452 -1 -1 -1
423 443 -1 -1 -1
423 461 -1 -1 -1
364 487 -1 -1 -1
364 488 -1 -1 -1
364 502 -1 -1 -1
364 507 -1 -1 -1
423 498 -1 -1 -1
424 461 -1 -1 -1
424 498 -1 -1 -1
425 426 -1 -1 -1
425 463 -1 -1 -1
425 500 -1 -1 -1
426 462 -1 -1 -1
426 463 -1 -1 -1
426 500 -1 -1 -1
394 431 -1 -1 -1
394 468 -1 -1 -1
395 396 -1 -1 -1
428 503 -1 -1 -1
429 438 -1 -1 -1
429 466 -1 -1 -1
429 475 -1 -1 -1
429 502 -1 -1 -1
431 452 -1 -1 -1
431 468 -1 -1 -1
431 505 -1 -1 -1
432 456 -1 -1 -1
432 469 -1 -1 -1
432 470 -1 -1 -1
432 493 -1 -1 -1
432 501 -1 -1 -1
432 506 -1 -1 -1
432 507 -1 -1 -1
433 434 -1 -1 -1
433 470 -1 -1 -1
296 333 -1 -1 -1
435 509 -1 -1 -1
203 240 -1 -1 -1
334 473 -1 -1 -1
395 432 -1 -1 -1
443 460 -1 -1 -1
443 470 -1 -1 -1
396 427 -1 -1 -1
396 433 -1 -1 -1
444 503 -1 -1 -1
396 469 -1 -1 -1
445 476 -1 -1 -1
396 487 -1 -1 -1
396 488 -1 -1 -1
396 504 -1 -1 -1
397 406 -1 -1 -1
400 437 -1 -1 -1
264 301 -1 -1 -1
401 502 -1 -1 -1
380 501 -1 -1 -1
380 506 -1 -1 -1
381 437 -1 -1 -1
406 461 -1 -1 -1
406 471 -1 -1 -1
406 508 -1 -1 -1
407 433 -1 -1 -1
407 465 -1 -1 -1
409 431 -1 -1 -1
409 468 -1 -1 -1
409 504 -1 -1 -1
300 441 -1 -1 -1
269 270 -1 -1 -1
305 379 -1 -1 -1
305 429 -1 -1 -1
384 389 483 -1 -1
448 461 507 -1 -1
448 461 508 -1 -1
448 469 498 -1 -1
384 395 426 -1 -1
384 395 463 -1 -1
384 395 472 -1 -1
448 471 476 -1 -1
384 396 399 -1 -1
448 471 498 -1 -1
448 476 508 -1 -1
384 397 473 -1 -1
448 478 483 -1 -1
384 398 426 -1 -1
384 398 432 -1 -1
384 398 500 -1 -1
288 293 432 -1 -1
384 399 427 -1 -1
493 498 508 -1 -1
493 502 503 -1 -1
493 506 508 -1 -1
498 506 509 -1 -1
352 365 392 -1 -1
352 365 401 -1 -1
498 507 508 -1 -1
501 506 508 -1 -1
501 507 509 -1 -1
384 407 436 -1 -1
506 508 509 -1 -1
320 334 404 -1 -1
450 466 498 -1 -1
384 419 441 -1 -1
384 420 432 -1 -1
384 420 440 -1 -1
384 420 456 -1 -1
384 420 493 -1 -1
384 425 472 -1 -1
384 426 472 -1 -1
384 428 435 -1 -1
384 432 436 -1 -1
418 423 444 -1 -1
418 424 427 -1 -1
418 424 444 -1 -1
384 435 487 -1 -1
418 424 501 -1 -1
384 435 488 -1 -1
384 436 456 -1 -1
384 436 493 -1 -1
418 427 461 -1 -1
418 429 432 -1 -1
418 429 477 -1 -1
418 431 451 -1 -1
418 432 448 -1 -1
418 432 466 -1 -1
352 389 452 -1 -1
418 434 501 -1 -1
418 434 503 -1 -1
384 448 510 -1 -1
418 438 503 -1 -1
452 482 483 -1 -1
384 461 506 -1 -1
452 487 504 -1 -1
384 462 472 -1 -1
384 463 472 -1 -1
418 444 460 -1 -1
453 462 468 -1 -1
453 463 468 -1 -1
418 448 471 -1 -1
418 448 476 -1 -1
418 448 477 -1 -1
418 448 507 -1 -1
418 448 508 -1 -1
384 487 510 -1 -1
384 488 510 -1 -1
418 451 468 -1 -1
418 451 504 -1 -1
384 504 510 -1 -1
418 461 501 -1 -1
418 465 477 -1 -1
418 470 501 -1 -1
418 477 501 -1 -1
418 498 501 -1 -1
456 461 508 -1 -1
456 469 470 -1 -1
456 470 498 -1 -1
456 471 506 -1 -1
456 477 482 -1 -1
456 498 508 -1 -1
456 502 503 -1 -1
456 506 508 -1 -1
460 470 476 -1 -1
419 433 483 -1 -1
460 476 501 -1 -1
461 469 507 -1 -1
461 476 509 -1 -1
461 493 508 -1 -1
461 506 509 -1 -1
463 469 509 -1 -1
463 470 471 -1 -1
463 470 508 -1 -1
463 478 482 -1 -1
465 471 506 -1 -1
465 475 503 -1 -1
466 470 502 -1 -1
466 475 487 -1 -1
466 475 488 -1 -1
466 502 504 -1 -1
420 434 443 -1 -1
469 470 493 -1 -1
386 387 396 -1 -1
386 387 397 -1 -1
386 387 424 -1 -1
386 387 461 -1 -1
386 387 471 -1 -1
386 387 498 -1 -1
386 387 507 -1 -1
470 476 498 -1 -1
470 493 498 -1 -1
470 500 508 -1 -1
471 476 488 -1 -1
471 476 501 -1 -1
471 493 506 -1 -1
471 506 509 -1 -1
421 423 424 -1 -1
421 423 434 -1 -1
421 424 460 -1 -1
421 424 470 -1 -1
421 432 500 -1 -1
421 433 443 -1 -1
421 434 443 -1 -1
421 434 460 -1 -1
421 443 476 -1 -1
421 456 500 -1 -1
476 477 498 -1 -1
421 469 509 -1 -1
421 470 508 -1 -1
421 472 509 -1 -1
476 488 508 -1 -1
476 498 507 -1 -1
421 478 482 -1 -1
477 482 493 -1 -1
421 493 500 -1 -1
478 483 488 -1 -1
353 400 412 -1 -1
353 412 511 -1 -1
423 424 426 -1 -1
423 424 463 -1 -1
423 424 500 -1 -1
423 427 476 -1 -1
423 428 438 -1 -1
423 432 465 -1 -1
423 440 453 -1 -1
423 470 476 -1 -1
423 476 501 -1 -1
424 426 460 -1 -1
424 426 465 -1 -1
424 426 470 -1 -1
424 426 471 -1 -1
424 431 445 -1 -1
424 443 466 -1 -1
424 445 504 -1 -1
424 448 469 -1 -1
424 460 463 -1 -1
424 460 500 -1 -1
424 470 476 -1 -1
424 470 500 -1 -1
424 476 507 -1 -1
389 390 448 -1 -1
425 440 453 -1 -1
425 453 468 -1 -1
389 404 419 -1 -1
426 431 453 -1 -1
426 434 443 -1 -1
389 420 483 -1 -1
426 469 509 -1 -1
322 323 423 -1 -1
322 323 452 -1 -1
322 323 460 -1 -1
426 478 482 -1 -1
427 428 448 -1 -1
427 428 465 -1 -1
427 428 488 -1 -1
427 429 503 -1 -1
322 327 445 -1 -1
427 432 488 -1 -1
427 438 466 -1 -1
427 438 503 -1 -1
322 332 409 -1 -1
427 445 450 -1 -1
322 333 477 -1 -1
427 446 474 -1 -1
427 448 475 -1 -1
389 472 483 -1 -1
427 456 488 -1 -1
427 460 476 -1 -1
427 466 475 -1 -1
390 394 483 -1 -1
427 476 498 -1 -1
427 476 508 -1 -1
427 478 483 -1 -1
427 487 502 -1 -1
427 488 493 -1 -1
427 488 502 -1 -1
428 429 456 -1 -1
428 429 470 -1 -1
428 429 493 -1 -1
390 401 414 -1 -1
428 432 465 -1 -1
390 403 419 -1 -1
428 437 511 -1 -1
428 438 452 -1 -1
428 438 460 -1 -1
428 438 509 -1 -1
428 444 445 -1 -1
322 353 437 -1 -1
428 448 456 -1 -1
428 448 465 -1 -1
428 448 493 -1 -1
428 448 506 -1 -1
390 414 429 -1 -1
390 414 438 -1 -1
390 414 443 -1 -1
390 414 475 -1 -1
428 456 465 -1 -1
428 456 466 -1 -1
428 465 493 -1 -1
428 466 493 -1 -1
428 466 502 -1 -1
322 359 364 -1 -1
428 470 475 -1 -1
428 474 511 -1 -1
428 475 487 -1 -1
428 475 488 -1 -1
428 475 502 -1 -1
428 477 500 -1 -1
322 361 406 -1 -1
322 363 381 -1 -1
428 501 509 -1 -1
322 364 396 -1 -1
322 364 421 -1 -1
429 432 444 -1 -1
429 432 503 -1 -1
322 364 500 -1 -1
429 444 456 -1 -1
429 444 493 -1 -1
429 446 511 -1 -1
429 456 503 -1 -1
322 377 408 -1 -1
322 380 408 -1 -1
429 493 503 -1 -1
429 501 503 -1 -1
431 434 445 -1 -1
431 440 482 -1 -1
431 440 500 -1 -1
392 396 428 -1 -1
392 397 418 -1 -1
431 453 462 -1 -1
431 453 463 -1 -1
322 392 396 -1 -1
392 401 476 -1 -1
322 395 500 -1 -1
322 396 444 -1 -1
322 396 503 -1 -1
432 434 461 -1 -1
432 434 498 -1 -1
432 440 445 -1 -1
322 404 483 -1 -1
432 442 479 -1 -1
392 418 424 -1 -1
392 418 476 -1 -1
432 460 465 -1 -1
432 465 509 -1 -1
432 471 498 -1 -1
432 477 482 -1 -1
432 488 509 -1 -1
432 498 508 -1 -1
322 418 426 -1 -1
432 504 509 -1 -1
322 418 500 -1 -1
392 427 429 -1 -1
322 420 448 -1 -1
392 428 488 -1 -1
322 421 444 -1 -1
322 423 465 -1 -1
322 424 466 -1 -1
392 432 502 -1 -1
322 425 503 -1 -1
433 443 509 -1 -1
322 426 469 -1 -1
322 426 476 -1 -1
322 428 448 -1 -1
433 448 456 -1 -1
322 429 487 -1 -1
322 429 488 -1 -1
433 448 493 -1 -1
392 438 456 -1 -1
392 438 465 -1 -1
322 432 448 -1 -1
392 438 493 -1 -1
322 432 503 -1 -1
392 438 507 -1 -1
392 444 470 -1 -1
392 444 498 -1 -1
322 439 440 -1 -1
322 439 477 -1 -1
433 465 507 -1 -1
392 450 461 -1 -1
433 471 504 -1 -1
322 448 450 -1 -1
322 448 460 -1 -1
392 456 475 -1 -1
433 487 507 -1 -1
322 451 505 -1 -1
433 488 507 -1 -1
392 461 502 -1 -1
433 504 507 -1 -1
434 435 471 -1 -1
392 465 475 -1 -1
322 456 503 -1 -1
322 460 465 -1 -1
322 462 503 -1 -1
434 440 453 -1 -1
392 475 493 -1 -1
392 475 507 -1 -1
322 469 500 -1 -1
434 443 500 -1 -1
434 443 507 -1 -1
434 445 468 -1 -1
434 445 505 -1 -1
322 476 500 -1 -1
434 448 461 -1 -1
434 448 498 -1 -1
434 448 507 -1 -1
322 493 503 -1 -1
394 396 505 -1 -1
356 357 433 -1 -1
356 357 461 -1 -1
434 465 506 -1 -1
434 471 472 -1 -1
434 471 487 -1 -1
434 471 488 -1 -1
434 471 504 -1 -1
434 472 508 -1 -1
394 403 448 -1 -1
394 403 461 -1 -1
394 403 470 -1 -1
434 476 488 -1 -1
394 403 507 -1 -1
434 476 507 -1 -1
323 327 380 -1 -1
434 478 483 -1 -1
323 327 424 -1 -1
323 327 433 -1 -1
323 327 461 -1 -1
434 488 498 -1 -1
394 407 409 -1 -1
434 488 508 -1 -1
434 498 501 -1 -1
394 407 452 -1 -1
434 501 508 -1 -1
434 504 508 -1 -1
394 407 505 -1 -1
435 436 437 -1 -1
394 409 432 -1 -1
394 434 445 -1 -1
394 434 452 -1 -1
435 510 511 -1 -1
394 440 470 -1 -1
394 440 507 -1 -1
394 443 445 -1 -1
394 445 471 -1 -1
323 349 478 -1 -1
437 438 446 -1 -1
395 406 476 -1 -1
395 407 424 -1 -1
395 407 427 -1 -1
395 407 438 -1 -1
395 407 461 -1 -1
395 407 470 -1 -1
395 407 475 -1 -1
395 407 476 -1 -1
395 407 498 -1 -1
438 444 456 -1 -1
438 444 465 -1 -1
438 444 493 -1 -1
438 444 507 -1 -1
323 364 420 -1 -1
438 446 511 -1 -1
395 418 444 -1 -1
438 448 465 -1 -1
438 448 501 -1 -1
438 456 503 -1 -1
438 466 470 -1 -1
438 466 487 -1 -1
438 466 488 -1 -1
395 426 509 -1 -1
395 427 508 -1 -1
438 475 476 -1 -1
395 434 443 -1 -1
438 488 502 -1 -1
438 493 503 -1 -1
438 503 507 -1 -1
395 456 470 -1 -1
395 461 507 -1 -1
395 463 509 -1 -1
395 470 476 -1 -1
395 470 493 -1 -1
395 471 476 -1 -1
395 500 509 -1 -1
323 396 476 -1 -1
323 397 441 -1 -1
440 452 482 -1 -1
440 452 505 -1 -1
396 401 428 -1 -1
440 453 460 -1 -1
440 453 462 -1 -1
440 453 471 -1 -1
396 401 466 -1 -1
440 453 488 -1 -1
440 453 501 -1 -1
357 359 452 -1 -1
357 361 431 -1 -1
440 468 500 -1 -1
357 362 451 -1 -1
396 408 409 -1 -1
396 409 477 -1 -1
440 500 505 -1 -1
357 369 372 -1 -1
396 418 465 -1 -1
396 418 503 -1 -1
396 428 475 -1 -1
396 432 461 -1 -1
396 434 461 -1 -1
396 434 498 -1 -1
396 434 508 -1 -1
396 444 466 -1 -1
396 448 476 -1 -1
396 448 508 -1 -1
323 441 471 -1 -1
396 452 505 -1 -1
396 456 465 -1 -1
396 461 477 -1 -1
396 465 493 -1 -1
396 470 498 -1 -1
396 470 506 -1 -1
396 470 508 -1 -1
396 471 498 -1 -1
442 479 508 -1 -1
396 476 508 -1 -1
396 477 482 -1 -1
396 478 483 -1 -1
357 394 408 -1 -1
357 394 421 -1 -1
357 394 500 -1 -1
396 506 507 -1 -1
443 445 505 -1 -1
397 403 445 -1 -1
443 461 477 -1 -1
443 461 509 -1 -1
443 471 500 -1 -1
397 408 448 -1 -1
443 471 507 -1 -1
397 409 477 -1 -1
443 498 500 -1 -1
443 507 508 -1 -1
357 408 440 -1 -1
324 327 402 -1 -1
357 409 421 -1 -1
357 409 443 -1 -1
397 418 448 -1 -1
397 418 465 -1 -1
444 456 475 -1 -1
444 461 502 -1 -1
397 421 470 -1 -1
444 465 475 -1 -1
444 466 476 -1 -1
397 423 463 -1 -1
397 423 500 -1 -1
357 420 431 -1 -1
397 427 433 -1 -1
444 475 493 -1 -1
357 420 468 -1 -1
444 475 507 -1 -1
397 427 461 -1 -1
444 475 509 -1 -1
397 427 471 -1 -1
357 420 505 -1 -1
357 424 453 -1 -1
397 433 465 -1 -1
444 502 509 -1 -1
397 434 465 -1 -1
445 448 453 -1 -1
445 448 505 -1 -1
445 450 456 -1 -1
445 450 493 -1 -1
445 450 507 -1 -1
445 453 469 -1 -1
445 461 505 -1 -1
397 443 469 -1 -1
397 448 476 -1 -1
445 498 504 -1 -1
397 460 463 -1 -1
397 460 500 -1 -1
397 461 469 -1 -1
397 461 488 -1 -1
397 461 501 -1 -1
397 461 509 -1 -1
397 463 470 -1 -1
397 465 471 -1 -1
397 465 498 -1 -1
397 465 508 -1 -1
357 452 498 -1 -1
397 476 501 -1 -1
397 487 506 -1 -1
397 488 506 -1 -1
397 498 509 -1 -1
446 474 487 -1 -1
446 474 504 -1 -1
446 475 511 -1 -1
398 400 473 -1 -1
446 502 511 -1 -1
447 452 511 -1 -1
398 403 445 -1 -1
447 453 511 -1 -1
398 407 456 -1 -1
324 360 470 -1 -1
324 360 507 -1 -1
398 407 493 -1 -1
398 408 418 -1 -1
398 408 476 -1 -1
398 408 498 -1 -1
324 363 381 -1 -1
324 364 408 -1 -1
398 418 461 -1 -1
324 377 421 -1 -1
324 377 509 -1 -1
324 396 450 -1 -1
398 473 511 -1 -1
398 500 509 -1 -1
399 400 435 -1 -1
324 407 421 -1 -1
324 408 448 -1 -1
324 408 465 -1 -1
324 408 501 -1 -1
324 408 503 -1 -1
324 420 450 -1 -1
324 421 438 -1 -1
324 421 475 -1 -1
324 423 450 -1 -1
324 450 460 -1 -1
324 450 488 -1 -1
324 450 507 -1 -1
292 293 432 -1 -1
292 293 471 -1 -1
292 295 361 -1 -1
292 295 407 -1 -1
292 296 298 -1 -1
292 298 474 -1 -1
359 360 395 -1 -1
359 360 424 -1 -1
359 360 461 -1 -1
359 360 465 -1 -1
359 360 498 -1 -1
359 362 466 -1 -1
325 333 408 -1 -1
325 334 436 -1 -1
400 406 446 -1 -1
359 373 389 -1 -1
325 336 408 -1 -1
359 380 406 -1 -1
359 380 424 -1 -1
359 380 434 -1 -1
359 381 400 -1 -1
359 381 474 -1 -1
292 323 348 -1 -1
292 323 349 -1 -1
292 323 460 -1 -1
292 323 487 -1 -1
292 323 488 -1 -1
400 446 487 -1 -1
400 446 488 -1 -1
400 446 504 -1 -1
359 406 408 -1 -1
359 406 418 -1 -1
359 406 476 -1 -1
359 408 409 -1 -1
359 408 469 -1 -1
359 408 471 -1 -1
325 362 429 -1 -1
400 474 502 -1 -1
292 333 401 -1 -1
400 502 511 -1 -1
359 418 426 -1 -1
401 402 403 -1 -1
359 418 500 -1 -1
401 403 450 -1 -1
401 403 451 -1 -1
359 423 448 -1 -1
401 407 432 -1 -1
292 340 456 -1 -1
401 407 506 -1 -1
292 340 493 -1 -1
292 340 508 -1 -1
359 425 448 -1 -1
359 427 508 -1 -1
325 377 407 -1 -1
359 434 456 -1 -1
359 434 476 -1 -1
359 434 493 -1 -1
359 448 460 -1 -1
359 448 462 -1 -1
401 427 448 -1 -1
401 427 503 -1 -1
359 456 471 -1 -1
401 428 456 -1 -1
359 456 508 -1 -1
401 428 493 -1 -1
401 429 452 -1 -1
359 461 509 -1 -1
401 429 487 -1 -1
401 429 488 -1 -1
292 356 461 -1 -1
401 429 509 -1 -1
359 465 470 -1 -1
359 469 509 -1 -1
359 470 498 -1 -1
359 471 493 -1 -1
359 476 508 -1 -1
359 493 508 -1 -1
359 498 509 -1 -1
359 501 508 -1 -1
325 399 447 -1 -1
401 444 448 -1 -1
401 444 461 -1 -1
401 444 509 -1 -1
325 400 510 -1 -1
401 446 511 -1 -1
360 363 400 -1 -1
401 448 501 -1 -1
401 456 503 -1 -1
401 461 466 -1 -1
401 466 470 -1 -1
401 466 498 -1 -1
325 408 448 -1 -1
360 369 407 -1 -1
360 371 429 -1 -1
360 372 451 -1 -1
401 493 503 -1 -1
360 373 404 -1 -1
162 188 339 -1 -1
292 377 508 -1 -1
402 403 502 -1 -1
402 408 478 -1 -1
360 380 401 -1 -1
360 380 450 -1 -1
360 384 399 -1 -1
360 384 420 -1 -1
360 384 436 -1 -1
402 419 505 -1 -1
360 392 450 -1 -1
360 395 423 -1 -1
360 395 427 -1 -1
360 395 465 -1 -1
360 395 470 -1 -1
360 396 421 -1 -1
360 397 461 -1 -1
360 397 476 -1 -1
360 397 498 -1 -1
325 474 510 -1 -1
292 407 414 -1 -1
292 408 475 -1 -1
360 403 468 -1 -1
360 403 505 -1 -1
360 406 433 -1 -1
360 408 432 -1 -1
360 408 433 -1 -1
360 408 435 -1 -1
360 408 472 -1 -1
292 435 482 -1 -1
360 421 500 -1 -1
360 423 433 -1 -1
292 441 445 -1 -1
360 423 506 -1 -1
360 424 506 -1 -1
360 427 469 -1 -1
360 428 429 -1 -1
360 428 501 -1 -1
403 408 453 -1 -1
360 433 461 -1 -1
360 433 471 -1 -1
360 433 498 -1 -1
360 433 507 -1 -1
403 411 450 -1 -1
360 438 444 -1 -1
360 438 466 -1 -1
403 418 451 -1 -1
360 452 477 -1 -1
403 424 468 -1 -1
403 424 505 -1 -1
360 460 469 -1 -1
360 460 506 -1 -1
360 461 465 -1 -1
403 428 451 -1 -1
403 429 451 -1 -1
360 465 470 -1 -1
360 465 498 -1 -1
403 431 498 -1 -1
403 432 445 -1 -1
360 476 477 -1 -1
403 435 445 -1 -1
360 498 506 -1 -1
403 438 439 -1 -1
403 438 451 -1 -1
361 363 436 -1 -1
293 300 395 -1 -1
403 439 475 -1 -1
293 300 423 -1 -1
293 300 424 -1 -1
293 300 460 -1 -1
293 301 412 -1 -1
403 445 456 -1 -1
403 445 493 -1 -1
403 445 501 -1 -1
403 445 507 -1 -1
361 370 400 -1 -1
361 370 474 -1 -1
361 370 511 -1 -1
403 468 498 -1 -1
403 498 505 -1 -1
403 505 507 -1 -1
361 380 509 -1 -1
361 384 456 -1 -1
361 384 493 -1 -1
361 384 507 -1 -1
361 396 509 -1 -1
293 324 384 -1 -1
361 406 434 -1 -1
361 407 421 -1 -1
361 407 425 -1 -1
361 407 432 -1 -1
361 407 462 -1 -1
361 407 470 -1 -1
361 407 500 -1 -1
404 448 482 -1 -1
361 418 476 -1 -1
361 418 507 -1 -1
361 418 508 -1 -1
293 337 366 -1 -1
361 427 509 -1 -1
361 443 471 -1 -1
362 363 384 -1 -1
327 337 407 -1 -1
293 371 439 -1 -1
293 373 420 -1 -1
293 373 509 -1 -1
293 374 375 -1 -1
293 374 412 -1 -1
293 376 463 -1 -1
293 376 500 -1 -1
406 408 423 -1 -1
406 408 460 -1 -1
406 408 476 -1 -1
406 408 507 -1 -1
362 380 399 -1 -1
362 380 510 -1 -1
327 357 424 -1 -1
327 357 477 -1 -1
406 418 424 -1 -1
406 418 444 -1 -1
406 418 476 -1 -1
293 390 450 -1 -1
406 423 426 -1 -1
406 424 426 -1 -1
406 424 463 -1 -1
406 424 476 -1 -1
406 426 460 -1 -1
406 426 470 -1 -1
406 432 498 -1 -1
406 432 504 -1 -1
406 434 456 -1 -1
406 434 472 -1 -1
406 434 477 -1 -1
406 434 493 -1 -1
327 371 392 -1 -1
327 373 410 -1 -1
362 398 426 -1 -1
406 440 453 -1 -1
362 399 407 -1 -1
362 399 427 -1 -1
406 448 475 -1 -1
293 413 414 -1 -1
406 456 498 -1 -1
406 456 506 -1 -1
406 469 476 -1 -1
406 470 476 -1 -1
406 470 507 -1 -1
406 476 498 -1 -1
406 476 507 -1 -1
406 477 509 -1 -1
406 493 498 -1 -1
406 493 506 -1 -1
327 394 397 -1 -1
327 394 406 -1 -1
327 394 470 -1 -1
327 394 471 -1 -1
327 394 507 -1 -1
407 408 511 -1 -1
407 409 505 -1 -1
327 396 505 -1 -1
327 397 504 -1 -1
327 398 451 -1 -1
327 401 452 -1 -1
327 401 468 -1 -1
327 406 431 -1 -1
327 406 468 -1 -1
407 418 444 -1 -1
362 420 472 -1 -1
327 406 504 -1 -1
327 406 505 -1 -1
407 421 500 -1 -1
407 423 476 -1 -1
407 423 506 -1 -1
407 424 469 -1 -1
407 427 506 -1 -1
407 428 466 -1 -1
362 429 510 -1 -1
327 421 453 -1 -1
407 432 450 -1 -1
362 432 436 -1 -1
327 423 431 -1 -1
327 423 468 -1 -1
327 423 504 -1 -1
407 435 477 -1 -1
327 424 468 -1 -1
327 424 504 -1 -1
407 438 469 -1 -1
362 436 501 -1 -1
362 436 507 -1 -1
362 436 509 -1 -1
327 431 460 -1 -1
327 431 488 -1 -1
327 431 501 -1 -1
327 434 468 -1 -1
327 438 440 -1 -1
327 438 445 -1 -1
407 448 506 -1 -1
327 440 461 -1 -1
407 450 461 -1 -1
327 440 498 -1 -1
327 441 482 -1 -1
407 452 505 -1 -1
407 456 488 -1 -1
407 460 476 -1 -1
327 445 503 -1 -1
407 460 506 -1 -1
407 461 469 -1 -1
407 463 477 -1 -1
407 469 470 -1 -1
407 469 475 -1 -1
407 470 476 -1 -1
407 470 506 -1 -1
327 460 468 -1 -1
327 460 504 -1 -1
407 477 482 -1 -1
407 477 500 -1 -1
327 468 471 -1 -1
407 487 506 -1 -1
407 488 493 -1 -1
407 488 506 -1 -1
407 498 507 -1 -1
362 472 500 -1 -1
407 502 503 -1 -1
362 473 477 -1 -1
408 409 424 -1 -1
408 409 434 -1 -1
408 409 450 -1 -1
408 409 461 -1 -1
408 409 476 -1 -1
408 409 498 -1 -1
327 498 504 -1 -1
327 505 507 -1 -1
363 364 400 -1 -1
363 364 474 -1 -1
408 418 473 -1 -1
408 423 435 -1 -1
408 424 435 -1 -1
408 428 451 -1 -1
363 373 446 -1 -1
408 434 476 -1 -1
408 435 460 -1 -1
408 435 461 -1 -1
408 435 476 -1 -1
408 435 498 -1 -1
408 439 441 -1 -1
408 443 448 -1 -1
363 381 423 -1 -1
363 381 433 -1 -1
363 381 443 -1 -1
363 381 460 -1 -1
363 381 488 -1 -1
363 381 504 -1 -1
408 448 456 -1 -1
408 448 493 -1 -1
408 448 507 -1 -1
328 352 395 -1 -1
328 352 423 -1 -1
328 352 460 -1 -1
408 463 476 -1 -1
408 470 506 -1 -1
363 399 435 -1 -1
363 400 456 -1 -1
363 400 493 -1 -1
409 418 444 -1 -1
409 426 453 -1 -1
328 373 441 -1 -1
328 380 403 -1 -1
409 443 453 -1 -1
409 447 511 -1 -1
328 389 394 -1 -1
328 389 505 -1 -1
409 453 463 -1 -1
409 456 477 -1 -1
363 426 447 -1 -1
409 470 505 -1 -1
409 477 493 -1 -1
363 431 446 -1 -1
328 403 427 -1 -1
328 403 452 -1 -1
328 403 507 -1 -1
328 404 450 -1 -1
328 404 451 -1 -1
410 412 440 -1 -1
410 412 478 -1 -1
363 446 468 -1 -1
363 447 500 -1 -1
328 425 441 -1 -1
364 365 407 -1 -1
364 365 503 -1 -1
328 431 476 -1 -1
328 441 462 -1 -1
328 441 463 -1 -1
364 373 445 -1 -1
328 468 476 -1 -1
329 330 366 -1 -1
364 380 411 -1 -1
364 380 448 -1 -1
364 380 465 -1 -1
364 380 503 -1 -1
411 418 450 -1 -1
411 418 451 -1 -1
364 392 448 -1 -1
364 395 397 -1 -1
364 395 470 -1 -1
364 396 423 -1 -1
364 396 460 -1 -1
364 396 476 -1 -1
364 397 418 -1 -1
364 397 469 -1 -1
364 397 476 -1 -1
364 397 498 -1 -1
364 397 506 -1 -1
364 401 456 -1 -1
411 431 502 -1 -1
364 401 493 -1 -1
364 402 448 -1 -1
364 404 482 -1 -1
364 407 503 -1 -1
364 409 429 -1 -1
364 411 448 -1 -1
364 411 465 -1 -1
364 411 501 -1 -1
411 468 502 -1 -1
364 421 477 -1 -1
364 424 443 -1 -1
364 424 476 -1 -1
364 427 439 -1 -1
411 502 505 -1 -1
364 431 504 -1 -1
364 434 461 -1 -1
364 438 470 -1 -1
364 439 466 -1 -1
364 440 453 -1 -1
228 265 386 -1 -1
228 265 397 -1 -1
228 265 424 -1 -1
228 265 461 -1 -1
228 265 471 -1 -1
228 265 498 -1 -1
228 265 507 -1 -1
364 461 508 -1 -1
364 463 477 -1 -1
364 470 509 -1 -1
364 478 483 -1 -1
329 404 423 -1 -1
329 404 424 -1 -1
329 404 460 -1 -1
329 404 461 -1 -1
329 404 470 -1 -1
329 404 507 -1 -1
365 392 403 -1 -1
365 401 403 -1 -1
365 402 403 -1 -1
365 403 428 -1 -1
365 403 429 -1 -1
365 403 475 -1 -1
365 411 476 -1 -1
365 419 451 -1 -1
196 265 293 -1 -1
295 332 404 -1 -1
330 337 401 -1 -1
330 337 423 -1 -1
330 337 424 -1 -1
330 337 432 -1 -1
330 337 460 -1 -1
330 337 461 -1 -1
330 337 470 -1 -1
330 337 498 -1 -1
330 349 409 -1 -1
330 352 398 -1 -1
295 352 461 -1 -1
295 352 498 -1 -1
196 292 482 -1 -1
330 366 453 -1 -1
330 367 380 -1 -1
330 367 406 -1 -1
330 367 423 -1 -1
330 367 460 -1 -1
330 367 477 -1 -1
295 361 482 -1 -1
295 361 483 -1 -1
196 296 473 -1 -1
330 373 468 -1 -1
366 404 407 -1 -1
366 404 470 -1 -1
366 404 476 -1 -1
366 404 507 -1 -1
366 404 508 -1 -1
366 408 478 -1 -1
295 389 392 -1 -1
295 390 423 -1 -1
295 390 434 -1 -1
330 402 407 -1 -1
295 390 471 -1 -1
295 398 404 -1 -1
295 408 478 -1 -1
295 408 482 -1 -1
196 327 349 -1 -1
196 327 421 -1 -1
196 327 482 -1 -1
196 327 500 -1 -1
196 332 381 -1 -1
295 419 483 -1 -1
196 333 466 -1 -1
196 334 510 -1 -1
228 378 392 -1 -1
228 378 402 -1 -1
196 356 370 -1 -1
196 356 401 -1 -1
196 356 443 -1 -1
196 361 437 -1 -1
196 361 445 -1 -1
196 364 448 -1 -1
196 364 466 -1 -1
196 369 381 -1 -1
196 380 414 -1 -1
196 380 424 -1 -1
196 380 432 -1 -1
196 384 451 -1 -1
196 392 498 -1 -1
196 394 396 -1 -1
196 396 431 -1 -1
296 322 399 -1 -1
296 325 444 -1 -1
196 411 456 -1 -1
196 428 505 -1 -1
196 431 456 -1 -1
196 431 493 -1 -1
196 439 504 -1 -1
331 400 479 -1 -1
196 451 471 -1 -1
196 452 456 -1 -1
196 452 493 -1 -1
196 456 468 -1 -1
331 407 442 -1 -1
196 465 503 -1 -1
196 468 493 -1 -1
196 487 505 -1 -1
196 488 505 -1 -1
196 502 505 -1 -1
196 505 508 -1 -1
368 400 405 -1 -1
296 356 373 -1 -1
296 357 371 -1 -1
368 408 442 -1 -1
296 361 472 -1 -1
296 364 436 -1 -1
296 369 476 -1 -1
296 369 498 -1 -1
296 384 437 -1 -1
296 398 435 -1 -1
296 398 472 -1 -1
296 398 473 -1 -1
296 399 401 -1 -1
296 399 432 -1 -1
296 399 450 -1 -1
369 370 398 -1 -1
296 401 436 -1 -1
369 381 425 -1 -1
369 381 426 -1 -1
369 381 462 -1 -1
369 381 463 -1 -1
369 381 500 -1 -1
296 423 436 -1 -1
296 425 473 -1 -1
332 360 474 -1 -1
332 360 511 -1 -1
296 427 436 -1 -1
296 432 436 -1 -1
296 436 460 -1 -1
296 436 487 -1 -1
296 436 488 -1 -1
369 392 444 -1 -1
369 395 408 -1 -1
369 396 406 -1 -1
296 444 472 -1 -1
369 400 423 -1 -1
369 400 428 -1 -1
332 372 505 -1 -1
369 400 450 -1 -1
369 400 460 -1 -1
369 400 487 -1 -1
369 400 488 -1 -1
369 401 437 -1 -1
296 462 473 -1 -1
296 463 473 -1 -1
369 406 407 -1 -1
369 406 448 -1 -1
369 407 469 -1 -1
369 409 428 -1 -1
369 409 450 -1 -1
332 381 396 -1 -1
297 299 451 -1 -1
263 334 412 -1 -1
369 423 511 -1 -1
369 427 474 -1 -1
369 428 511 -1 -1
369 431 437 -1 -1
369 434 474 -1 -1
332 408 424 -1 -1
369 435 510 -1 -1
369 437 468 -1 -1
369 447 453 -1 -1
263 348 460 -1 -1
263 348 476 -1 -1
369 450 511 -1 -1
369 460 511 -1 -1
369 465 474 -1 -1
369 472 473 -1 -1
369 474 488 -1 -1
369 488 511 -1 -1
297 320 478 -1 -1
370 371 407 -1 -1
332 444 448 -1 -1
297 327 466 -1 -1
297 327 503 -1 -1
370 380 381 -1 -1
370 380 429 -1 -1
297 333 361 -1 -1
297 333 435 -1 -1
297 333 473 -1 -1
297 334 432 -1 -1
297 334 456 -1 -1
297 334 493 -1 -1
297 335 473 -1 -1
370 392 400 -1 -1
370 397 511 -1 -1
370 399 510 -1 -1
370 400 503 -1 -1
263 392 411 -1 -1
370 406 407 -1 -1
370 407 476 -1 -1
370 408 420 -1 -1
370 408 421 -1 -1
370 408 436 -1 -1
333 360 463 -1 -1
333 362 435 -1 -1
333 362 472 -1 -1
263 411 503 -1 -1
297 359 429 -1 -1
297 361 440 -1 -1
370 427 474 -1 -1
370 428 511 -1 -1
370 431 437 -1 -1
370 432 511 -1 -1
370 437 468 -1 -1
197 293 311 -1 -1
297 373 451 -1 -1
370 471 511 -1 -1
370 477 511 -1 -1
333 397 443 -1 -1
297 394 438 -1 -1
297 394 498 -1 -1
333 407 510 -1 -1
297 398 476 -1 -1
197 307 330 -1 -1
371 381 440 -1 -1
333 428 434 -1 -1
297 423 429 -1 -1
333 443 477 -1 -1
297 427 440 -1 -1
297 429 460 -1 -1
297 440 503 -1 -1
297 444 471 -1 -1
297 444 508 -1 -1
334 336 445 -1 -1
334 344 418 -1 -1
371 428 470 -1 -1
371 428 471 -1 -1
371 428 507 -1 -1
371 428 508 -1 -1
371 429 432 -1 -1
371 439 440 -1 -1
371 439 477 -1 -1
371 440 466 -1 -1
371 443 502 -1 -1
371 451 468 -1 -1
334 357 372 -1 -1
334 357 446 -1 -1
334 361 510 -1 -1
197 364 386 -1 -1
372 397 411 -1 -1
298 333 431 -1 -1
334 395 472 -1 -1
298 335 441 -1 -1
298 336 450 -1 -1
372 411 508 -1 -1
372 423 451 -1 -1
334 425 436 -1 -1
372 427 446 -1 -1
372 428 477 -1 -1
372 432 446 -1 -1
334 435 510 -1 -1
334 436 462 -1 -1
334 436 463 -1 -1
334 436 477 -1 -1
334 436 500 -1 -1
372 446 456 -1 -1
372 446 470 -1 -1
372 446 471 -1 -1
372 446 493 -1 -1
372 446 507 -1 -1
298 362 404 -1 -1
372 451 460 -1 -1
298 363 472 -1 -1
334 469 472 -1 -1
334 472 506 -1 -1
373 380 463 -1 -1
298 384 437 -1 -1
335 359 452 -1 -1
373 397 440 -1 -1
373 401 483 -1 -1
373 403 421 -1 -1
373 403 426 -1 -1
373 403 452 -1 -1
373 403 476 -1 -1
373 403 509 -1 -1
373 404 407 -1 -1
373 421 476 -1 -1
373 425 440 -1 -1
373 426 440 -1 -1
373 426 476 -1 -1
335 384 403 -1 -1
298 437 472 -1 -1
373 434 477 -1 -1
373 438 478 -1 -1
373 440 462 -1 -1
373 440 500 -1 -1
373 440 509 -1 -1
373 441 456 -1 -1
335 395 477 -1 -1
373 441 493 -1 -1
373 445 477 -1 -1
298 472 511 -1 -1
373 451 483 -1 -1
373 452 476 -1 -1
335 403 473 -1 -1
373 463 476 -1 -1
374 375 404 -1 -1
335 425 505 -1 -1
335 431 506 -1 -1
265 292 445 -1 -1
265 292 473 -1 -1
265 293 327 -1 -1
265 293 373 -1 -1
335 456 505 -1 -1
335 462 505 -1 -1
335 493 505 -1 -1
335 505 506 -1 -1
374 404 412 -1 -1
265 315 437 -1 -1
336 365 369 -1 -1
336 369 373 -1 -1
336 369 468 -1 -1
265 329 404 -1 -1
336 373 447 -1 -1
336 373 474 -1 -1
336 373 511 -1 -1
336 375 381 -1 -1
299 360 441 -1 -1
299 364 445 -1 -1
265 339 439 -1 -1
265 339 451 -1 -1
299 373 374 -1 -1
299 373 404 -1 -1
265 344 477 -1 -1
336 411 437 -1 -1
336 411 447 -1 -1
336 411 511 -1 -1
336 412 474 -1 -1
299 397 440 -1 -1
299 401 483 -1 -1
299 403 421 -1 -1
299 403 426 -1 -1
299 403 452 -1 -1
299 403 463 -1 -1
299 403 509 -1 -1
299 404 407 -1 -1
299 404 443 -1 -1
299 421 476 -1 -1
299 424 477 -1 -1
299 425 440 -1 -1
299 426 476 -1 -1
299 434 477 -1 -1
299 438 478 -1 -1
299 440 462 -1 -1
299 440 500 -1 -1
299 440 509 -1 -1
299 441 456 -1 -1
299 441 493 -1 -1
299 445 477 -1 -1
299 451 483 -1 -1
299 452 476 -1 -1
265 397 478 -1 -1
299 463 476 -1 -1
265 403 423 -1 -1
265 403 428 -1 -1
265 403 460 -1 -1
265 403 470 -1 -1
265 403 488 -1 -1
265 403 507 -1 -1
337 352 398 -1 -1
337 360 478 -1 -1
337 364 445 -1 -1
265 434 478 -1 -1
265 440 453 -1 -1
337 374 421 -1 -1
337 374 425 -1 -1
337 374 426 -1 -1
337 374 462 -1 -1
337 374 463 -1 -1
337 374 500 -1 -1
265 469 478 -1 -1
337 404 426 -1 -1
337 404 500 -1 -1
337 408 478 -1 -1
337 423 441 -1 -1
337 427 478 -1 -1
337 441 460 -1 -1
337 441 470 -1 -1
337 478 482 -1 -1
337 478 487 -1 -1
337 478 488 -1 -1
337 478 507 -1 -1
231 298 305 -1 -1
300 377 451 -1 -1
231 317 381 -1 -1
300 403 477 -1 -1
300 421 478 -1 -1
266 340 356 -1 -1
300 453 476 -1 -1
300 478 498 -1 -1
378 415 433 -1 -1
378 415 463 -1 -1
266 356 377 -1 -1
379 380 432 -1 -1
379 380 476 -1 -1
301 330 410 -1 -1
301 338 503 -1 -1
339 376 429 -1 -1
266 414 511 -1 -1
301 353 370 -1 -1
301 353 511 -1 -1
380 381 429 -1 -1
380 381 465 -1 -1
232 233 344 -1 -1
380 384 398 -1 -1
380 384 399 -1 -1
380 384 435 -1 -1
301 374 431 -1 -1
301 374 468 -1 -1
380 392 429 -1 -1
380 395 427 -1 -1
380 395 469 -1 -1
380 395 477 -1 -1
380 396 397 -1 -1
380 396 418 -1 -1
380 396 438 -1 -1
380 396 456 -1 -1
380 396 475 -1 -1
380 396 476 -1 -1
380 396 493 -1 -1
380 401 420 -1 -1
380 401 427 -1 -1
380 401 460 -1 -1
380 401 488 -1 -1
380 406 470 -1 -1
380 406 498 -1 -1
380 407 461 -1 -1
380 408 466 -1 -1
380 409 477 -1 -1
267 283 402 -1 -1
380 418 444 -1 -1
380 420 438 -1 -1
380 420 475 -1 -1
301 410 440 -1 -1
301 410 478 -1 -1
380 423 438 -1 -1
380 423 456 -1 -1
380 423 475 -1 -1
380 423 493 -1 -1
380 424 438 -1 -1
380 425 493 -1 -1
380 427 488 -1 -1
380 428 456 -1 -1
380 428 493 -1 -1
380 432 438 -1 -1
380 432 475 -1 -1
380 432 488 -1 -1
380 432 504 -1 -1
380 434 470 -1 -1
380 438 460 -1 -1
380 442 479 -1 -1
340 360 482 -1 -1
340 360 483 -1 -1
380 448 475 -1 -1
380 450 456 -1 -1
380 450 493 -1 -1
380 450 502 -1 -1
340 365 431 -1 -1
340 365 468 -1 -1
380 456 460 -1 -1
380 456 462 -1 -1
380 456 488 -1 -1
380 460 475 -1 -1
380 460 493 -1 -1
380 462 493 -1 -1
380 469 487 -1 -1
380 469 488 -1 -1
380 470 471 -1 -1
380 470 508 -1 -1
380 487 502 -1 -1
380 488 493 -1 -1
380 488 502 -1 -1
380 488 507 -1 -1
380 498 508 -1 -1
380 502 504 -1 -1
380 502 509 -1 -1
380 504 507 -1 -1
380 507 509 -1 -1
267 302 333 -1 -1
381 384 400 -1 -1
381 399 436 -1 -1
381 400 428 -1 -1
381 400 487 -1 -1
381 400 488 -1 -1
232 268 337 -1 -1
381 408 418 -1 -1
381 408 476 -1 -1
232 270 401 -1 -1
232 270 456 -1 -1
381 428 474 -1 -1
340 429 439 -1 -1
381 438 511 -1 -1
381 444 511 -1 -1
381 445 451 -1 -1
381 446 447 -1 -1
381 474 487 -1 -1
381 474 488 -1 -1
381 502 511 -1 -1
302 341 444 -1 -1
232 297 450 -1 -1
232 298 509 -1 -1
232 299 395 -1 -1
232 299 424 -1 -1
232 299 433 -1 -1
232 299 498 -1 -1
232 300 305 -1 -1
232 306 399 -1 -1
232 335 369 -1 -1
268 270 426 -1 -1
268 270 434 -1 -1
268 270 471 -1 -1
268 270 476 -1 -1
268 270 500 -1 -1
232 361 363 -1 -1
232 361 474 -1 -1
232 361 511 -1 -1
232 363 403 -1 -1
232 363 433 -1 -1
232 363 440 -1 -1
232 363 456 -1 -1
232 363 493 -1 -1
232 372 477 -1 -1
232 373 475 -1 -1
232 384 425 -1 -1
232 384 462 -1 -1
232 384 463 -1 -1
232 384 470 -1 -1
232 384 507 -1 -1
232 400 428 -1 -1
268 305 356 -1 -1
200 237 443 -1 -1
232 428 474 -1 -1
232 433 474 -1 -1
232 433 511 -1 -1
232 439 474 -1 -1
232 439 511 -1 -1
232 456 511 -1 -1
232 474 502 -1 -1
233 234 371 -1 -1
268 344 396 -1 -1
304 311 442 -1 -1
304 311 479 -1 -1
344 357 392 -1 -1
344 357 503 -1 -1
233 270 305 -1 -1
233 270 364 -1 -1
233 270 392 -1 -1
233 270 401 -1 -1
233 270 438 -1 -1
233 270 448 -1 -1
233 270 501 -1 -1
344 364 386 -1 -1
304 338 372 -1 -1
344 371 468 -1 -1
344 373 407 -1 -1
344 377 478 -1 -1
344 386 475 -1 -1
344 394 407 -1 -1
304 353 471 -1 -1
344 407 431 -1 -1
344 408 437 -1 -1
344 409 451 -1 -1
344 418 428 -1 -1
344 420 444 -1 -1
344 423 429 -1 -1
344 423 444 -1 -1
344 424 429 -1 -1
344 424 444 -1 -1
344 427 476 -1 -1
344 429 470 -1 -1
344 429 476 -1 -1
344 431 445 -1 -1
344 431 451 -1 -1
344 441 482 -1 -1
344 444 460 -1 -1
344 450 465 -1 -1
344 450 503 -1 -1
344 451 452 -1 -1
344 466 476 -1 -1
344 476 501 -1 -1
305 322 477 -1 -1
305 323 404 -1 -1
305 330 337 -1 -1
305 356 453 -1 -1
305 360 407 -1 -1
305 361 509 -1 -1
305 364 506 -1 -1
305 381 397 -1 -1
305 381 509 -1 -1
305 396 407 -1 -1
305 400 511 -1 -1
305 401 427 -1 -1
305 401 456 -1 -1
305 401 493 -1 -1
305 407 428 -1 -1
305 407 432 -1 -1
305 407 472 -1 -1
305 407 476 -1 -1
305 407 488 -1 -1
305 418 424 -1 -1
305 418 461 -1 -1
305 418 475 -1 -1
305 418 476 -1 -1
305 427 502 -1 -1
305 428 433 -1 -1
305 428 456 -1 -1
305 428 469 -1 -1
305 428 493 -1 -1
305 428 506 -1 -1
305 428 509 -1 -1
305 433 438 -1 -1
305 433 475 -1 -1
305 434 443 -1 -1
305 443 508 -1 -1
305 456 502 -1 -1
305 466 504 -1 -1
305 466 505 -1 -1
305 493 502 -1 -1
306 308 463 -1 -1
347 352 431 -1 -1
347 352 468 -1 -1
270 296 444 -1 -1
270 298 337 -1 -1
270 298 384 -1 -1
270 298 463 -1 -1
306 343 344 -1 -1
234 269 437 -1 -1
234 269 511 -1 -1
234 271 344 -1 -1
234 271 365 -1 -1
234 271 418 -1 -1
234 271 439 -1 -1
270 342 472 -1 -1
270 362 418 -1 -1
201 349 483 -1 -1
234 306 438 -1 -1
234 306 465 -1 -1
169 256 421 -1 -1
349 371 441 -1 -1
234 343 438 -1 -1
349 389 428 -1 -1
349 389 456 -1 -1
349 389 472 -1 -1
349 389 493 -1 -1
349 390 432 -1 -1
349 390 456 -1 -1
349 390 465 -1 -1
349 390 493 -1 -1
349 390 508 -1 -1
169 292 423 -1 -1
169 292 424 -1 -1
169 292 482 -1 -1
169 295 377 -1 -1
349 420 483 -1 -1
169 297 390 -1 -1
169 299 356 -1 -1
271 308 406 -1 -1
271 308 432 -1 -1
271 308 456 -1 -1
271 308 493 -1 -1
271 308 509 -1 -1
169 323 362 -1 -1
169 330 456 -1 -1
169 330 493 -1 -1
169 330 507 -1 -1
169 330 508 -1 -1
169 359 403 -1 -1
169 370 440 -1 -1
202 248 383 -1 -1
169 389 435 -1 -1
169 403 461 -1 -1
169 421 440 -1 -1
169 425 483 -1 -1
169 426 440 -1 -1
169 433 440 -1 -1
169 433 483 -1 -1
169 440 452 -1 -1
169 440 500 -1 -1
169 444 476 -1 -1
169 453 478 -1 -1
169 456 476 -1 -1
169 462 483 -1 -1
169 463 477 -1 -1
169 463 483 -1 -1
169 476 493 -1 -1
169 483 509 -1 -1
273 337 468 -1 -1
311 320 375 -1 -1
236 273 394 -1 -1
236 273 468 -1 -1
236 273 505 -1 -1
273 375 403 -1 -1
236 311 371 -1 -1
312 349 437 -1 -1
138 175 296 -1 -1
204 383 395 -1 -1
315 442 474 -1 -1
38 263 350 -1 -1
206 231 280 -1 -1
239 276 443 -1 -1
206 318 404 -1 -1
140 162 310 -1 -1
40 114 329 -1 -1
209 244 255 -1 -1
284 338 420 -1 -1
284 338 421 -1 -1
284 338 426 -1 -1
284 338 463 -1 -1
284 338 500 -1 -1
177 337 403 -1 -1
246 338 446 -1 -1
250 317 407 -1 -1
218 255 376 -1 -1
183 220 341 -1 -1
253 347 443 -1 -1
253 347 465 -1 -1
188 281 334 -1 -1
118 181 343 -1 -1
118 181 360 -1 -1
118 181 434 -1 -1
118 181 502 -1 -1
