402 -1 -1 -1 -1 
457 -1 -1 -1 -1 
489 -1 -1 -1 -1 
490 -1 -1 -1 -1 
494 -1 -1 -1 -1 
495 -1 -1 -1 -1 
506 -1 -1 -1 -1 
452 453 -1 -1 -1 
456 493 -1 -1 -1 
461 498 -1 -1 -1 
462 499 -1 -1 -1 
472 509 -1 -1 -1 
475 501 -1 -1 -1 
424 461 -1 -1 -1 
425 426 -1 -1 -1 
391 428 -1 -1 -1 
491 492 493 -1 -1 
456 491 492 -1 -1 
460 461 497 -1 -1 
468 491 505 -1 -1 
328 365 366 -1 -1 
448 456 463 485 -1 
448 463 485 493 -1 
452 453 456 493 -1 
452 453 461 498 -1 
452 453 472 509 -1 
452 453 475 501 -1 
456 461 493 498 -1 
456 462 493 499 -1 
456 472 493 509 -1 
456 475 493 501 -1 
461 462 498 499 -1 
461 472 498 509 -1 
461 475 498 501 -1 
462 472 499 509 -1 
462 475 499 501 -1 
