357 -1 -1 -1 -1
388 -1 -1 -1 -1
394 -1 -1 -1 -1
402 -1 -1 -1 -1
425 -1 -1 -1 -1
427 -1 -1 -1 -1
430 -1 -1 -1 -1
438 -1 -1 -1 -1
452 -1 -1 -1 -1
453 -1 -1 -1 -1
455 -1 -1 -1 -1
457 -1 -1 -1 -1
458 -1 -1 -1 -1
459 -1 -1 -1 -1
464 -1 -1 -1 -1
467 -1 -1 -1 -1
480 -1 -1 -1 -1
484 -1 -1 -1 -1
487 -1 -1 -1 -1
489 -1 -1 -1 -1
490 -1 -1 -1 -1
494 -1 -1 -1 -1
495 -1 -1 -1 -1
496 -1 -1 -1 -1
499 -1 -1 -1 -1
506 -1 -1 -1 -1
485 488 -1 -1 -1
488 504 -1 -1 -1
488 505 -1 -1 -1
491 493 -1 -1 -1
492 493 -1 -1 -1
497 498 -1 -1 -1
502 503 -1 -1 -1
352 365 -1 -1 -1
416 433 -1 -1 -1
356 390 -1 -1 -1
418 444 -1 -1 -1
450 475 -1 -1 -1
450 488 -1 -1 -1
450 502 -1 -1 -1
450 507 -1 -1 -1
451 465 -1 -1 -1
451 492 -1 -1 -1
456 465 -1 -1 -1
456 470 -1 -1 -1
456 472 -1 -1 -1
456 491 -1 -1 -1
456 492 -1 -1 -1
456 493 -1 -1 -1
460 461 -1 -1 -1
460 498 -1 -1 -1
461 497 -1 -1 -1
461 498 -1 -1 -1
462 488 -1 -1 -1
463 475 -1 -1 -1
465 469 -1 -1 -1
465 472 -1 -1 -1
328 352 -1 -1 -1
465 501 -1 -1 -1
468 488 -1 -1 -1
468 505 -1 -1 -1
391 397 -1 -1 -1
391 428 -1 -1 -1
469 505 -1 -1 -1
359 424 -1 -1 -1
470 472 -1 -1 -1
470 493 -1 -1 -1
470 505 -1 -1 -1
472 491 -1 -1 -1
472 492 -1 -1 -1
472 493 -1 -1 -1
472 509 -1 -1 -1
474 511 -1 -1 -1
475 476 -1 -1 -1
475 488 -1 -1 -1
391 451 -1 -1 -1
391 463 -1 -1 -1
292 396 -1 -1 -1
292 397 -1 -1 -1
391 500 -1 -1 -1
391 502 -1 -1 -1
292 426 -1 -1 -1
292 450 -1 -1 -1
329 391 -1 -1 -1
392 466 -1 -1 -1
393 397 -1 -1 -1
329 450 -1 -1 -1
329 451 -1 -1 -1
393 410 -1 -1 -1
329 469 -1 -1 -1
329 470 -1 -1 -1
329 472 -1 -1 -1
393 431 -1 -1 -1
475 500 -1 -1 -1
475 501 -1 -1 -1
477 482 -1 -1 -1
359 460 -1 -1 -1
359 461 -1 -1 -1
359 477 -1 -1 -1
359 497 -1 -1 -1
292 488 -1 -1 -1
292 504 -1 -1 -1
420 421 -1 -1 -1
292 509 -1 -1 -1
420 450 -1 -1 -1
393 488 -1 -1 -1
330 404 -1 -1 -1
232 471 -1 -1 -1
393 504 -1 -1 -1
395 431 -1 -1 -1
396 423 -1 -1 -1
359 498 -1 -1 -1
420 472 -1 -1 -1
331 479 -1 -1 -1
421 509 -1 -1 -1
332 397 -1 -1 -1
361 398 -1 -1 -1
423 431 -1 -1 -1
361 420 -1 -1 -1
423 450 -1 -1 -1
423 460 -1 -1 -1
423 462 -1 -1 -1
423 468 -1 -1 -1
361 456 -1 -1 -1
396 450 -1 -1 -1
396 461 -1 -1 -1
396 475 -1 -1 -1
397 423 -1 -1 -1
423 476 -1 -1 -1
397 434 -1 -1 -1
397 439 -1 -1 -1
423 485 -1 -1 -1
423 488 -1 -1 -1
423 497 -1 -1 -1
423 505 -1 -1 -1
397 468 -1 -1 -1
397 476 -1 -1 -1
397 488 -1 -1 -1
424 460 -1 -1 -1
424 461 -1 -1 -1
424 497 -1 -1 -1
424 498 -1 -1 -1
426 475 -1 -1 -1
399 436 -1 -1 -1
428 448 -1 -1 -1
429 466 -1 -1 -1
400 437 -1 -1 -1
400 447 -1 -1 -1
400 474 -1 -1 -1
431 432 -1 -1 -1
400 511 -1 -1 -1
431 469 -1 -1 -1
431 470 -1 -1 -1
431 475 -1 -1 -1
431 498 -1 -1 -1
401 434 -1 -1 -1
432 470 -1 -1 -1
433 475 -1 -1 -1
361 493 -1 -1 -1
434 475 -1 -1 -1
267 414 -1 -1 -1
362 436 -1 -1 -1
334 444 -1 -1 -1
363 400 -1 -1 -1
437 474 -1 -1 -1
296 324 -1 -1 -1
296 360 -1 -1 -1
296 395 -1 -1 -1
296 410 -1 -1 -1
296 428 -1 -1 -1
296 469 -1 -1 -1
408 446 -1 -1 -1
238 365 -1 -1 -1
238 367 -1 -1 -1
238 372 -1 -1 -1
298 409 -1 -1 -1
410 426 -1 -1 -1
410 456 -1 -1 -1
410 462 -1 -1 -1
410 468 -1 -1 -1
410 493 -1 -1 -1
410 500 -1 -1 -1
410 504 -1 -1 -1
410 505 -1 -1 -1
299 371 -1 -1 -1
299 409 -1 -1 -1
364 424 -1 -1 -1
336 410 -1 -1 -1
336 411 -1 -1 -1
364 460 -1 -1 -1
364 461 -1 -1 -1
364 497 -1 -1 -1
364 498 -1 -1 -1
366 369 -1 -1 -1
444 448 -1 -1 -1
444 503 -1 -1 -1
268 369 -1 -1 -1
268 397 -1 -1 -1
268 434 -1 -1 -1
268 507 -1 -1 -1
367 482 -1 -1 -1
269 429 -1 -1 -1
369 395 -1 -1 -1
369 398 -1 -1 -1
369 435 -1 -1 -1
269 466 -1 -1 -1
373 410 -1 -1 -1
375 412 -1 -1 -1
447 511 -1 -1 -1
377 508 -1 -1 -1
342 343 -1 -1 -1
274 283 -1 -1 -1
342 428 -1 -1 -1
342 429 -1 -1 -1
379 474 -1 -1 -1
342 503 -1 -1 -1
306 395 -1 -1 -1
306 397 -1 -1 -1
306 432 -1 -1 -1
278 441 -1 -1 -1
416 418 435 -1 -1
448 456 463 -1 -1
448 456 500 -1 -1
448 456 501 -1 -1
448 463 477 -1 -1
448 463 492 -1 -1
448 463 493 -1 -1
448 463 508 -1 -1
352 356 424 -1 -1
448 466 477 -1 -1
416 424 450 -1 -1
416 424 470 -1 -1
352 356 476 -1 -1
352 356 498 -1 -1
384 390 482 -1 -1
448 477 500 -1 -1
448 477 502 -1 -1
352 360 403 -1 -1
448 488 503 -1 -1
448 492 500 -1 -1
448 492 501 -1 -1
448 493 500 -1 -1
448 493 501 -1 -1
448 500 508 -1 -1
448 501 508 -1 -1
448 503 504 -1 -1
384 396 436 -1 -1
384 396 473 -1 -1
488 501 503 -1 -1
491 500 503 -1 -1
384 398 428 -1 -1
416 446 448 -1 -1
352 364 384 -1 -1
384 398 434 -1 -1
352 364 401 -1 -1
492 500 503 -1 -1
384 398 469 -1 -1
384 398 476 -1 -1
416 447 473 -1 -1
493 500 503 -1 -1
416 448 463 -1 -1
384 398 508 -1 -1
416 448 500 -1 -1
384 399 439 -1 -1
416 450 461 -1 -1
416 450 498 -1 -1
288 297 356 -1 -1
352 367 507 -1 -1
352 367 508 -1 -1
416 460 470 -1 -1
416 461 470 -1 -1
508 510 511 -1 -1
416 470 477 -1 -1
416 470 497 -1 -1
416 470 498 -1 -1
416 471 472 -1 -1
449 483 486 -1 -1
416 473 474 -1 -1
416 473 511 -1 -1
416 474 510 -1 -1
450 451 456 -1 -1
450 451 469 -1 -1
450 451 471 -1 -1
450 451 493 -1 -1
450 451 508 -1 -1
450 456 509 -1 -1
450 462 504 -1 -1
450 463 485 -1 -1
450 463 500 -1 -1
450 463 504 -1 -1
450 468 504 -1 -1
450 470 508 -1 -1
288 304 411 -1 -1
450 485 504 -1 -1
450 493 509 -1 -1
450 500 504 -1 -1
384 416 508 -1 -1
384 416 509 -1 -1
450 504 505 -1 -1
451 456 468 -1 -1
451 456 475 -1 -1
451 456 485 -1 -1
451 456 488 -1 -1
451 456 504 -1 -1
451 456 505 -1 -1
451 462 475 -1 -1
384 418 503 -1 -1
451 462 493 -1 -1
451 468 493 -1 -1
384 421 439 -1 -1
451 470 477 -1 -1
451 470 488 -1 -1
451 472 488 -1 -1
451 472 504 -1 -1
451 472 507 -1 -1
352 384 401 -1 -1
451 475 493 -1 -1
451 485 493 -1 -1
451 488 491 -1 -1
451 488 493 -1 -1
451 493 504 -1 -1
451 493 505 -1 -1
384 432 471 -1 -1
384 433 436 -1 -1
384 435 502 -1 -1
384 435 507 -1 -1
384 439 509 -1 -1
384 440 471 -1 -1
456 466 501 -1 -1
456 466 503 -1 -1
384 450 503 -1 -1
352 404 420 -1 -1
352 404 421 -1 -1
352 404 450 -1 -1
418 420 435 -1 -1
418 421 429 -1 -1
418 421 466 -1 -1
384 471 507 -1 -1
384 472 473 -1 -1
460 475 502 -1 -1
460 475 505 -1 -1
460 476 477 -1 -1
460 476 505 -1 -1
418 435 471 -1 -1
418 436 447 -1 -1
418 436 511 -1 -1
418 437 473 -1 -1
418 437 510 -1 -1
461 468 476 -1 -1
461 470 475 -1 -1
418 443 472 -1 -1
461 476 477 -1 -1
418 445 447 -1 -1
461 476 488 -1 -1
461 477 485 -1 -1
461 477 488 -1 -1
461 477 505 -1 -1
418 447 473 -1 -1
418 448 456 -1 -1
418 448 472 -1 -1
418 448 491 -1 -1
418 448 492 -1 -1
418 448 493 -1 -1
418 450 465 -1 -1
418 450 503 -1 -1
462 463 503 -1 -1
462 466 502 -1 -1
462 475 485 -1 -1
288 330 377 -1 -1
462 500 503 -1 -1
463 465 488 -1 -1
418 472 503 -1 -1
463 466 504 -1 -1
463 472 503 -1 -1
288 334 404 -1 -1
463 491 503 -1 -1
463 492 503 -1 -1
463 493 503 -1 -1
463 500 503 -1 -1
465 466 503 -1 -1
465 468 502 -1 -1
465 475 503 -1 -1
465 476 477 -1 -1
465 485 502 -1 -1
465 488 491 -1 -1
465 488 492 -1 -1
352 473 483 -1 -1
465 488 493 -1 -1
465 488 500 -1 -1
465 488 502 -1 -1
465 502 504 -1 -1
465 502 505 -1 -1
466 470 503 -1 -1
352 483 509 -1 -1
224 269 302 -1 -1
288 341 411 -1 -1
466 488 500 -1 -1
466 492 503 -1 -1
466 493 502 -1 -1
466 493 503 -1 -1
466 500 504 -1 -1
468 470 504 -1 -1
419 443 482 -1 -1
419 443 483 -1 -1
468 476 498 -1 -1
224 273 368 -1 -1
224 273 403 -1 -1
469 470 475 -1 -1
469 472 475 -1 -1
469 472 477 -1 -1
469 472 507 -1 -1
470 475 498 -1 -1
470 475 507 -1 -1
470 476 507 -1 -1
471 473 511 -1 -1
472 475 477 -1 -1
288 360 404 -1 -1
420 436 447 -1 -1
472 500 503 -1 -1
420 436 511 -1 -1
420 437 445 -1 -1
473 474 508 -1 -1
473 474 510 -1 -1
420 443 446 -1 -1
420 451 469 -1 -1
386 387 443 -1 -1
386 387 501 -1 -1
386 387 503 -1 -1
474 508 510 -1 -1
475 482 483 -1 -1
475 485 492 -1 -1
475 497 502 -1 -1
475 497 505 -1 -1
475 502 504 -1 -1
476 477 497 -1 -1
476 477 498 -1 -1
476 488 498 -1 -1
476 497 505 -1 -1
288 377 441 -1 -1
477 485 498 -1 -1
420 508 509 -1 -1
477 488 498 -1 -1
477 498 505 -1 -1
478 479 483 -1 -1
421 428 435 -1 -1
421 432 450 -1 -1
421 435 493 -1 -1
421 435 502 -1 -1
421 436 447 -1 -1
421 436 511 -1 -1
421 440 508 -1 -1
288 390 405 -1 -1
224 302 343 -1 -1
224 302 392 -1 -1
224 302 434 -1 -1
421 456 508 -1 -1
224 302 475 -1 -1
421 469 507 -1 -1
421 472 510 -1 -1
288 398 404 -1 -1
421 492 508 -1 -1
421 493 508 -1 -1
288 404 420 -1 -1
288 404 421 -1 -1
288 404 435 -1 -1
288 419 476 -1 -1
423 424 475 -1 -1
423 426 503 -1 -1
423 428 443 -1 -1
423 428 465 -1 -1
423 428 503 -1 -1
423 433 456 -1 -1
423 433 493 -1 -1
423 434 472 -1 -1
423 434 508 -1 -1
423 437 447 -1 -1
423 437 511 -1 -1
423 440 451 -1 -1
423 444 465 -1 -1
423 451 456 -1 -1
423 451 493 -1 -1
423 461 470 -1 -1
224 331 337 -1 -1
423 463 466 -1 -1
224 331 411 -1 -1
423 465 502 -1 -1
423 466 500 -1 -1
423 470 507 -1 -1
423 475 498 -1 -1
423 482 483 -1 -1
423 501 503 -1 -1
424 428 439 -1 -1
424 428 443 -1 -1
424 429 446 -1 -1
424 431 488 -1 -1
424 432 433 -1 -1
424 434 446 -1 -1
424 434 471 -1 -1
424 439 444 -1 -1
424 439 451 -1 -1
424 439 503 -1 -1
424 440 451 -1 -1
224 341 390 -1 -1
424 446 462 -1 -1
424 446 463 -1 -1
424 446 466 -1 -1
424 446 500 -1 -1
424 468 476 -1 -1
424 470 475 -1 -1
424 476 477 -1 -1
424 476 488 -1 -1
424 477 485 -1 -1
424 477 488 -1 -1
424 477 505 -1 -1
426 429 451 -1 -1
426 431 466 -1 -1
426 432 465 -1 -1
426 434 448 -1 -1
426 434 503 -1 -1
426 439 477 -1 -1
426 448 456 -1 -1
426 448 463 -1 -1
426 448 477 -1 -1
426 448 492 -1 -1
426 448 493 -1 -1
426 448 508 -1 -1
426 450 504 -1 -1
426 451 466 -1 -1
426 462 503 -1 -1
426 463 503 -1 -1
426 465 488 -1 -1
426 465 505 -1 -1
426 485 503 -1 -1
426 488 503 -1 -1
426 500 503 -1 -1
428 429 444 -1 -1
428 429 451 -1 -1
428 429 456 -1 -1
428 429 463 -1 -1
428 429 472 -1 -1
428 429 492 -1 -1
428 429 493 -1 -1
428 429 500 -1 -1
428 429 502 -1 -1
428 431 503 -1 -1
428 433 450 -1 -1
389 391 483 -1 -1
428 439 461 -1 -1
428 439 498 -1 -1
428 439 505 -1 -1
428 443 461 -1 -1
428 443 498 -1 -1
428 450 451 -1 -1
428 450 465 -1 -1
428 456 475 -1 -1
428 465 475 -1 -1
428 465 488 -1 -1
428 465 504 -1 -1
428 466 472 -1 -1
428 466 492 -1 -1
428 466 493 -1 -1
428 466 502 -1 -1
428 468 503 -1 -1
389 404 465 -1 -1
428 475 493 -1 -1
428 488 503 -1 -1
428 501 502 -1 -1
389 410 483 -1 -1
429 431 463 -1 -1
429 431 500 -1 -1
322 323 423 -1 -1
429 433 448 -1 -1
322 323 461 -1 -1
322 323 477 -1 -1
429 434 448 -1 -1
429 434 503 -1 -1
429 439 440 -1 -1
429 439 460 -1 -1
429 439 497 -1 -1
429 440 448 -1 -1
389 418 451 -1 -1
429 443 448 -1 -1
429 443 475 -1 -1
429 444 456 -1 -1
429 444 469 -1 -1
429 444 491 -1 -1
429 444 492 -1 -1
429 444 493 -1 -1
429 444 508 -1 -1
429 446 461 -1 -1
429 446 476 -1 -1
429 446 477 -1 -1
429 446 498 -1 -1
429 448 477 -1 -1
429 451 463 -1 -1
429 451 501 -1 -1
429 456 501 -1 -1
429 456 503 -1 -1
224 414 441 -1 -1
429 463 504 -1 -1
429 465 503 -1 -1
429 470 503 -1 -1
429 491 503 -1 -1
389 439 482 -1 -1
429 492 503 -1 -1
429 493 502 -1 -1
429 493 503 -1 -1
429 500 504 -1 -1
431 434 451 -1 -1
431 434 471 -1 -1
431 439 443 -1 -1
431 439 451 -1 -1
389 448 482 -1 -1
431 444 465 -1 -1
431 446 463 -1 -1
431 446 500 -1 -1
431 450 468 -1 -1
431 450 505 -1 -1
431 460 477 -1 -1
431 460 497 -1 -1
431 461 488 -1 -1
431 462 468 -1 -1
431 463 466 -1 -1
431 465 505 -1 -1
431 466 500 -1 -1
389 475 483 -1 -1
431 468 485 -1 -1
431 468 504 -1 -1
431 476 477 -1 -1
431 476 488 -1 -1
431 504 505 -1 -1
432 433 460 -1 -1
432 433 461 -1 -1
432 433 476 -1 -1
432 433 497 -1 -1
432 433 498 -1 -1
390 398 482 -1 -1
432 450 468 -1 -1
432 465 492 -1 -1
432 465 493 -1 -1
432 472 477 -1 -1
433 434 471 -1 -1
433 439 502 -1 -1
433 440 451 -1 -1
433 440 472 -1 -1
322 373 374 -1 -1
433 443 503 -1 -1
322 374 418 -1 -1
322 374 424 -1 -1
322 374 461 -1 -1
322 374 471 -1 -1
322 374 498 -1 -1
433 448 466 -1 -1
433 448 502 -1 -1
433 450 456 -1 -1
433 450 493 -1 -1
433 450 505 -1 -1
433 451 469 -1 -1
433 456 461 -1 -1
433 460 507 -1 -1
433 461 472 -1 -1
433 461 493 -1 -1
433 461 505 -1 -1
433 468 507 -1 -1
433 472 476 -1 -1
390 435 441 -1 -1
433 488 507 -1 -1
433 497 507 -1 -1
433 504 507 -1 -1
434 439 456 -1 -1
434 439 492 -1 -1
434 439 493 -1 -1
434 440 470 -1 -1
434 440 472 -1 -1
434 440 488 -1 -1
356 360 441 -1 -1
434 446 448 -1 -1
434 446 498 -1 -1
434 448 462 -1 -1
434 448 463 -1 -1
434 448 466 -1 -1
434 448 500 -1 -1
434 448 501 -1 -1
434 450 451 -1 -1
356 362 440 -1 -1
356 362 477 -1 -1
434 456 468 -1 -1
434 456 476 -1 -1
434 456 488 -1 -1
434 456 504 -1 -1
434 460 471 -1 -1
434 461 471 -1 -1
434 465 502 -1 -1
356 367 420 -1 -1
356 367 421 -1 -1
356 367 450 -1 -1
434 466 501 -1 -1
434 466 503 -1 -1
356 367 509 -1 -1
434 468 493 -1 -1
434 468 508 -1 -1
434 471 497 -1 -1
434 471 498 -1 -1
434 472 476 -1 -1
434 472 488 -1 -1
434 472 504 -1 -1
434 472 505 -1 -1
434 476 493 -1 -1
391 392 465 -1 -1
391 392 503 -1 -1
434 488 493 -1 -1
434 488 508 -1 -1
434 493 504 -1 -1
391 395 472 -1 -1
391 396 416 -1 -1
391 396 444 -1 -1
391 399 420 -1 -1
391 399 473 -1 -1
225 255 478 -1 -1
391 399 509 -1 -1
356 377 413 -1 -1
356 377 419 -1 -1
391 401 460 -1 -1
391 401 476 -1 -1
391 401 497 -1 -1
435 447 510 -1 -1
435 450 476 -1 -1
391 409 446 -1 -1
435 451 472 -1 -1
391 410 423 -1 -1
391 410 444 -1 -1
391 410 472 -1 -1
391 410 488 -1 -1
435 472 475 -1 -1
435 472 504 -1 -1
356 392 418 -1 -1
391 418 450 -1 -1
391 423 426 -1 -1
391 423 456 -1 -1
391 423 491 -1 -1
391 423 492 -1 -1
391 423 493 -1 -1
391 423 501 -1 -1
391 424 433 -1 -1
435 510 511 -1 -1
356 399 440 -1 -1
356 399 477 -1 -1
391 426 434 -1 -1
391 426 450 -1 -1
391 426 470 -1 -1
391 426 488 -1 -1
391 426 504 -1 -1
391 429 448 -1 -1
391 429 503 -1 -1
391 431 444 -1 -1
391 431 472 -1 -1
391 433 498 -1 -1
391 434 456 -1 -1
391 434 462 -1 -1
391 434 469 -1 -1
391 434 491 -1 -1
356 404 508 -1 -1
391 434 501 -1 -1
391 435 472 -1 -1
436 447 473 -1 -1
391 439 443 -1 -1
391 439 446 -1 -1
391 440 476 -1 -1
391 442 479 -1 -1
391 444 488 -1 -1
391 448 466 -1 -1
391 450 501 -1 -1
391 450 503 -1 -1
391 456 462 -1 -1
391 456 468 -1 -1
391 456 485 -1 -1
391 456 488 -1 -1
391 456 504 -1 -1
436 473 511 -1 -1
436 474 508 -1 -1
391 462 470 -1 -1
391 469 472 -1 -1
391 469 488 -1 -1
391 470 492 -1 -1
323 329 412 -1 -1
391 472 488 -1 -1
391 472 504 -1 -1
391 475 503 -1 -1
391 485 492 -1 -1
391 485 493 -1 -1
391 488 491 -1 -1
391 488 492 -1 -1
391 488 493 -1 -1
391 488 501 -1 -1
391 492 504 -1 -1
391 493 504 -1 -1
391 501 504 -1 -1
392 393 463 -1 -1
392 393 500 -1 -1
437 447 463 -1 -1
356 440 450 -1 -1
437 447 488 -1 -1
437 447 504 -1 -1
392 396 424 -1 -1
356 441 471 -1 -1
392 397 428 -1 -1
392 401 406 -1 -1
392 401 443 -1 -1
356 450 477 -1 -1
392 403 419 -1 -1
323 338 440 -1 -1
437 463 511 -1 -1
437 471 473 -1 -1
437 475 511 -1 -1
392 410 428 -1 -1
437 488 511 -1 -1
356 477 509 -1 -1
437 504 511 -1 -1
439 440 443 -1 -1
439 440 466 -1 -1
439 443 465 -1 -1
439 443 477 -1 -1
439 443 488 -1 -1
439 443 504 -1 -1
439 443 505 -1 -1
439 444 461 -1 -1
392 416 443 -1 -1
439 444 498 -1 -1
323 347 370 -1 -1
439 446 465 -1 -1
439 446 476 -1 -1
439 446 488 -1 -1
439 446 504 -1 -1
392 419 482 -1 -1
392 419 483 -1 -1
439 450 460 -1 -1
439 450 469 -1 -1
439 450 477 -1 -1
439 450 497 -1 -1
439 450 498 -1 -1
439 451 460 -1 -1
439 451 461 -1 -1
439 451 497 -1 -1
439 451 498 -1 -1
392 423 429 -1 -1
392 424 433 -1 -1
439 461 503 -1 -1
439 462 477 -1 -1
392 426 428 -1 -1
392 426 432 -1 -1
439 463 477 -1 -1
392 426 456 -1 -1
392 426 472 -1 -1
392 426 505 -1 -1
392 428 444 -1 -1
392 428 456 -1 -1
392 428 463 -1 -1
392 428 491 -1 -1
392 428 492 -1 -1
392 428 493 -1 -1
392 428 500 -1 -1
392 428 501 -1 -1
392 429 475 -1 -1
392 429 488 -1 -1
392 431 462 -1 -1
392 431 463 -1 -1
392 431 500 -1 -1
392 432 448 -1 -1
392 432 501 -1 -1
392 434 444 -1 -1
392 434 498 -1 -1
439 477 500 -1 -1
439 477 501 -1 -1
439 498 502 -1 -1
439 498 503 -1 -1
439 503 505 -1 -1
392 443 448 -1 -1
392 443 475 -1 -1
392 444 456 -1 -1
392 444 491 -1 -1
392 444 492 -1 -1
392 444 493 -1 -1
392 444 508 -1 -1
392 446 477 -1 -1
392 446 498 -1 -1
225 304 437 -1 -1
392 448 462 -1 -1
392 448 465 -1 -1
392 448 470 -1 -1
392 448 471 -1 -1
440 446 448 -1 -1
392 448 477 -1 -1
440 446 503 -1 -1
440 448 466 -1 -1
440 448 502 -1 -1
392 456 501 -1 -1
392 456 503 -1 -1
440 451 461 -1 -1
440 451 482 -1 -1
440 456 475 -1 -1
392 462 501 -1 -1
392 463 472 -1 -1
392 465 503 -1 -1
392 470 503 -1 -1
440 465 476 -1 -1
392 472 500 -1 -1
392 472 501 -1 -1
440 472 475 -1 -1
440 475 493 -1 -1
392 492 503 -1 -1
392 493 503 -1 -1
440 493 498 -1 -1
393 396 507 -1 -1
393 399 508 -1 -1
393 401 460 -1 -1
393 401 497 -1 -1
393 416 470 -1 -1
393 424 476 -1 -1
393 424 477 -1 -1
393 428 465 -1 -1
393 428 503 -1 -1
393 434 451 -1 -1
393 434 456 -1 -1
393 434 472 -1 -1
393 435 472 -1 -1
393 439 451 -1 -1
393 444 465 -1 -1
393 451 456 -1 -1
393 451 470 -1 -1
393 451 472 -1 -1
323 412 435 -1 -1
393 461 476 -1 -1
393 461 477 -1 -1
393 465 502 -1 -1
393 468 470 -1 -1
393 475 497 -1 -1
393 476 477 -1 -1
393 476 497 -1 -1
225 339 398 -1 -1
395 396 424 -1 -1
395 396 432 -1 -1
395 396 460 -1 -1
395 396 476 -1 -1
395 396 497 -1 -1
395 396 498 -1 -1
443 444 502 -1 -1
395 397 450 -1 -1
395 397 461 -1 -1
395 397 507 -1 -1
443 446 451 -1 -1
225 341 363 -1 -1
225 341 400 -1 -1
443 448 450 -1 -1
443 448 466 -1 -1
443 450 503 -1 -1
443 466 475 -1 -1
443 466 476 -1 -1
395 410 465 -1 -1
359 360 396 -1 -1
359 360 397 -1 -1
359 360 421 -1 -1
359 360 434 -1 -1
359 361 364 -1 -1
359 361 440 -1 -1
359 364 393 -1 -1
359 364 410 -1 -1
359 364 431 -1 -1
359 364 488 -1 -1
395 421 450 -1 -1
359 365 389 -1 -1
359 365 440 -1 -1
359 365 483 -1 -1
444 446 456 -1 -1
444 446 491 -1 -1
444 446 492 -1 -1
444 446 493 -1 -1
444 446 502 -1 -1
359 367 403 -1 -1
395 426 465 -1 -1
359 367 478 -1 -1
444 451 476 -1 -1
359 369 416 -1 -1
359 369 426 -1 -1
359 369 434 -1 -1
359 369 456 -1 -1
359 369 463 -1 -1
359 369 465 -1 -1
395 433 451 -1 -1
359 369 500 -1 -1
359 369 505 -1 -1
444 465 471 -1 -1
444 465 475 -1 -1
444 465 488 -1 -1
324 325 445 -1 -1
395 439 450 -1 -1
444 465 504 -1 -1
444 466 469 -1 -1
444 466 492 -1 -1
444 466 493 -1 -1
444 466 508 -1 -1
324 328 334 -1 -1
324 328 418 -1 -1
395 450 468 -1 -1
324 332 361 -1 -1
445 446 508 -1 -1
395 465 491 -1 -1
395 465 492 -1 -1
395 465 493 -1 -1
395 470 475 -1 -1
395 472 477 -1 -1
324 334 365 -1 -1
324 334 450 -1 -1
324 335 392 -1 -1
324 335 410 -1 -1
324 335 418 -1 -1
324 335 503 -1 -1
359 391 431 -1 -1
359 391 440 -1 -1
359 393 401 -1 -1
359 393 440 -1 -1
225 378 399 -1 -1
359 395 397 -1 -1
359 395 450 -1 -1
359 395 468 -1 -1
359 395 488 -1 -1
359 396 440 -1 -1
359 396 451 -1 -1
359 396 470 -1 -1
359 397 432 -1 -1
359 397 469 -1 -1
396 401 468 -1 -1
396 401 504 -1 -1
396 401 507 -1 -1
359 401 431 -1 -1
359 401 469 -1 -1
359 401 488 -1 -1
359 401 493 -1 -1
359 401 505 -1 -1
396 403 483 -1 -1
324 343 379 -1 -1
446 448 456 -1 -1
446 448 465 -1 -1
446 448 493 -1 -1
359 410 440 -1 -1
359 410 469 -1 -1
396 410 416 -1 -1
396 410 424 -1 -1
396 410 498 -1 -1
396 410 507 -1 -1
446 461 463 -1 -1
446 461 466 -1 -1
446 461 500 -1 -1
446 462 498 -1 -1
446 463 470 -1 -1
446 463 476 -1 -1
359 416 440 -1 -1
446 466 476 -1 -1
446 466 477 -1 -1
446 466 498 -1 -1
396 416 456 -1 -1
396 416 491 -1 -1
396 416 492 -1 -1
396 416 493 -1 -1
446 470 500 -1 -1
446 470 503 -1 -1
446 476 500 -1 -1
446 476 501 -1 -1
359 431 434 -1 -1
359 431 456 -1 -1
359 431 462 -1 -1
359 431 465 -1 -1
396 424 432 -1 -1
359 431 491 -1 -1
359 431 492 -1 -1
359 431 493 -1 -1
359 432 450 -1 -1
396 424 469 -1 -1
359 432 488 -1 -1
359 433 440 -1 -1
359 433 450 -1 -1
359 433 476 -1 -1
396 428 439 -1 -1
359 433 507 -1 -1
359 434 507 -1 -1
396 432 460 -1 -1
396 432 476 -1 -1
396 432 497 -1 -1
396 432 498 -1 -1
396 433 434 -1 -1
396 433 468 -1 -1
396 433 476 -1 -1
396 433 488 -1 -1
396 433 504 -1 -1
359 440 468 -1 -1
359 440 475 -1 -1
359 440 482 -1 -1
359 440 488 -1 -1
359 440 504 -1 -1
359 440 505 -1 -1
396 434 470 -1 -1
396 434 477 -1 -1
396 434 507 -1 -1
359 442 479 -1 -1
359 444 446 -1 -1
324 356 365 -1 -1
396 439 472 -1 -1
225 415 479 -1 -1
396 439 488 -1 -1
324 356 446 -1 -1
396 439 502 -1 -1
396 439 504 -1 -1
324 356 476 -1 -1
396 440 451 -1 -1
396 440 472 -1 -1
359 450 469 -1 -1
359 450 470 -1 -1
359 451 507 -1 -1
396 443 502 -1 -1
447 465 474 -1 -1
447 468 474 -1 -1
359 465 507 -1 -1
396 447 474 -1 -1
359 468 469 -1 -1
359 469 488 -1 -1
447 471 473 -1 -1
396 448 503 -1 -1
359 470 476 -1 -1
324 361 366 -1 -1
359 470 507 -1 -1
324 361 470 -1 -1
447 474 493 -1 -1
447 474 505 -1 -1
324 362 416 -1 -1
396 460 469 -1 -1
359 476 488 -1 -1
396 460 476 -1 -1
396 460 477 -1 -1
359 476 504 -1 -1
396 460 507 -1 -1
396 465 476 -1 -1
324 364 384 -1 -1
396 468 470 -1 -1
359 493 507 -1 -1
396 468 476 -1 -1
396 468 507 -1 -1
396 469 497 -1 -1
396 469 498 -1 -1
396 470 476 -1 -1
396 470 488 -1 -1
396 470 504 -1 -1
324 365 418 -1 -1
360 361 395 -1 -1
360 361 432 -1 -1
360 361 433 -1 -1
360 361 450 -1 -1
360 361 469 -1 -1
396 476 477 -1 -1
396 476 488 -1 -1
396 476 497 -1 -1
360 362 471 -1 -1
396 477 497 -1 -1
360 364 384 -1 -1
360 364 397 -1 -1
396 488 507 -1 -1
396 497 507 -1 -1
360 365 450 -1 -1
396 504 507 -1 -1
397 399 435 -1 -1
397 399 473 -1 -1
397 399 509 -1 -1
360 368 442 -1 -1
397 401 456 -1 -1
360 369 431 -1 -1
397 401 472 -1 -1
360 369 448 -1 -1
360 369 469 -1 -1
360 369 488 -1 -1
360 369 497 -1 -1
397 403 440 -1 -1
397 404 441 -1 -1
397 407 408 -1 -1
324 380 437 -1 -1
397 410 475 -1 -1
397 410 477 -1 -1
360 377 431 -1 -1
360 377 497 -1 -1
360 378 414 -1 -1
324 384 502 -1 -1
360 384 401 -1 -1
360 384 435 -1 -1
360 384 456 -1 -1
360 384 468 -1 -1
397 424 450 -1 -1
397 426 429 -1 -1
397 426 466 -1 -1
397 428 465 -1 -1
397 429 463 -1 -1
397 429 500 -1 -1
397 431 477 -1 -1
397 432 450 -1 -1
397 432 461 -1 -1
397 433 470 -1 -1
397 433 477 -1 -1
397 433 507 -1 -1
397 435 472 -1 -1
324 397 472 -1 -1
360 392 444 -1 -1
397 440 504 -1 -1
397 440 505 -1 -1
324 399 416 -1 -1
324 399 508 -1 -1
397 444 465 -1 -1
360 397 424 -1 -1
360 397 460 -1 -1
360 397 461 -1 -1
360 397 497 -1 -1
360 397 498 -1 -1
397 447 474 -1 -1
397 450 460 -1 -1
324 406 416 -1 -1
397 450 461 -1 -1
397 450 469 -1 -1
397 450 470 -1 -1
397 450 497 -1 -1
397 450 498 -1 -1
397 451 508 -1 -1
324 408 437 -1 -1
397 456 475 -1 -1
397 460 475 -1 -1
397 461 469 -1 -1
397 462 503 -1 -1
397 463 503 -1 -1
397 469 507 -1 -1
397 472 508 -1 -1
397 475 491 -1 -1
397 475 492 -1 -1
397 475 493 -1 -1
397 475 497 -1 -1
397 477 504 -1 -1
397 477 505 -1 -1
397 485 504 -1 -1
397 500 503 -1 -1
397 501 503 -1 -1
324 420 475 -1 -1
398 399 420 -1 -1
398 399 456 -1 -1
398 399 491 -1 -1
398 399 492 -1 -1
398 399 493 -1 -1
360 418 420 -1 -1
360 419 482 -1 -1
360 420 435 -1 -1
360 421 428 -1 -1
360 421 435 -1 -1
360 421 456 -1 -1
360 421 493 -1 -1
360 424 434 -1 -1
360 429 444 -1 -1
398 410 421 -1 -1
360 434 460 -1 -1
360 434 461 -1 -1
360 434 476 -1 -1
360 434 477 -1 -1
360 434 497 -1 -1
398 416 418 -1 -1
324 450 461 -1 -1
324 450 476 -1 -1
324 450 504 -1 -1
360 444 446 -1 -1
360 444 466 -1 -1
398 418 471 -1 -1
324 461 472 -1 -1
360 447 510 -1 -1
360 448 451 -1 -1
398 421 456 -1 -1
398 421 476 -1 -1
398 421 491 -1 -1
398 421 492 -1 -1
398 421 493 -1 -1
360 451 472 -1 -1
360 510 511 -1 -1
361 363 474 -1 -1
398 447 510 -1 -1
361 364 397 -1 -1
361 364 468 -1 -1
361 364 471 -1 -1
361 364 477 -1 -1
398 450 503 -1 -1
361 364 507 -1 -1
361 366 461 -1 -1
325 335 362 -1 -1
325 335 421 -1 -1
325 335 472 -1 -1
361 369 432 -1 -1
361 369 436 -1 -1
325 337 372 -1 -1
398 510 511 -1 -1
399 401 440 -1 -1
399 401 469 -1 -1
361 379 433 -1 -1
361 384 473 -1 -1
399 410 508 -1 -1
325 347 379 -1 -1
361 391 434 -1 -1
361 391 435 -1 -1
399 416 424 -1 -1
361 391 444 -1 -1
361 391 470 -1 -1
399 416 461 -1 -1
361 391 508 -1 -1
399 416 475 -1 -1
361 391 509 -1 -1
399 416 476 -1 -1
361 392 426 -1 -1
361 392 448 -1 -1
361 392 503 -1 -1
399 418 501 -1 -1
361 395 423 -1 -1
361 395 461 -1 -1
361 395 465 -1 -1
361 395 477 -1 -1
399 420 423 -1 -1
361 396 440 -1 -1
399 420 475 -1 -1
361 397 401 -1 -1
399 420 508 -1 -1
399 420 509 -1 -1
399 421 475 -1 -1
361 401 432 -1 -1
361 401 460 -1 -1
361 401 461 -1 -1
361 401 468 -1 -1
361 401 477 -1 -1
361 401 507 -1 -1
399 424 507 -1 -1
399 429 445 -1 -1
399 431 508 -1 -1
399 431 510 -1 -1
325 361 364 -1 -1
361 407 408 -1 -1
325 362 384 -1 -1
399 435 456 -1 -1
399 435 465 -1 -1
399 435 493 -1 -1
399 435 509 -1 -1
361 410 434 -1 -1
361 410 451 -1 -1
361 410 465 -1 -1
361 410 470 -1 -1
399 440 508 -1 -1
325 366 472 -1 -1
361 418 429 -1 -1
361 418 433 -1 -1
361 418 434 -1 -1
361 418 448 -1 -1
361 418 503 -1 -1
399 450 510 -1 -1
399 451 473 -1 -1
399 451 509 -1 -1
361 421 473 -1 -1
361 421 510 -1 -1
399 456 509 -1 -1
399 460 471 -1 -1
361 423 451 -1 -1
361 423 469 -1 -1
361 423 509 -1 -1
399 461 507 -1 -1
361 424 439 -1 -1
361 426 466 -1 -1
361 428 429 -1 -1
361 428 466 -1 -1
361 429 502 -1 -1
361 431 439 -1 -1
399 469 508 -1 -1
399 470 510 -1 -1
361 432 465 -1 -1
361 432 477 -1 -1
399 471 497 -1 -1
399 471 498 -1 -1
399 472 473 -1 -1
361 433 440 -1 -1
361 434 440 -1 -1
399 473 475 -1 -1
361 434 466 -1 -1
361 435 472 -1 -1
361 435 475 -1 -1
361 435 504 -1 -1
399 476 507 -1 -1
399 476 508 -1 -1
361 439 443 -1 -1
361 439 497 -1 -1
361 439 498 -1 -1
361 440 461 -1 -1
361 440 475 -1 -1
361 440 482 -1 -1
325 379 380 -1 -1
361 443 446 -1 -1
325 379 410 -1 -1
399 488 508 -1 -1
399 488 510 -1 -1
325 379 447 -1 -1
361 444 465 -1 -1
361 444 466 -1 -1
399 504 508 -1 -1
361 451 468 -1 -1
361 451 475 -1 -1
361 451 485 -1 -1
361 451 488 -1 -1
361 451 505 -1 -1
361 461 469 -1 -1
361 463 466 -1 -1
325 384 399 -1 -1
361 465 488 -1 -1
361 465 504 -1 -1
361 466 470 -1 -1
361 466 500 -1 -1
361 469 477 -1 -1
361 469 507 -1 -1
400 409 448 -1 -1
361 475 509 -1 -1
325 389 433 -1 -1
361 488 492 -1 -1
361 488 509 -1 -1
361 491 492 -1 -1
361 501 503 -1 -1
362 363 399 -1 -1
325 392 409 -1 -1
362 364 440 -1 -1
362 364 468 -1 -1
362 364 504 -1 -1
325 409 503 -1 -1
292 296 325 -1 -1
292 296 465 -1 -1
292 297 360 -1 -1
292 297 471 -1 -1
292 297 473 -1 -1
400 473 508 -1 -1
400 473 510 -1 -1
292 299 305 -1 -1
362 384 439 -1 -1
292 299 406 -1 -1
400 508 510 -1 -1
401 404 482 -1 -1
401 406 439 -1 -1
362 391 508 -1 -1
362 391 510 -1 -1
401 409 437 -1 -1
362 393 508 -1 -1
292 305 343 -1 -1
292 305 434 -1 -1
292 305 444 -1 -1
292 305 469 -1 -1
292 305 470 -1 -1
362 397 435 -1 -1
362 397 473 -1 -1
362 397 509 -1 -1
292 306 386 -1 -1
362 398 420 -1 -1
292 306 408 -1 -1
292 306 424 -1 -1
362 398 456 -1 -1
362 398 491 -1 -1
362 398 492 -1 -1
362 398 493 -1 -1
362 399 437 -1 -1
362 399 447 -1 -1
362 399 474 -1 -1
362 399 511 -1 -1
362 401 440 -1 -1
362 401 469 -1 -1
401 421 440 -1 -1
401 423 424 -1 -1
401 423 461 -1 -1
401 423 498 -1 -1
401 424 465 -1 -1
401 424 488 -1 -1
401 429 443 -1 -1
401 429 446 -1 -1
401 431 460 -1 -1
401 431 497 -1 -1
362 410 508 -1 -1
401 433 476 -1 -1
401 433 507 -1 -1
401 439 443 -1 -1
401 439 450 -1 -1
401 439 475 -1 -1
401 440 448 -1 -1
401 440 472 -1 -1
362 416 461 -1 -1
362 416 475 -1 -1
362 416 476 -1 -1
401 443 466 -1 -1
401 443 503 -1 -1
362 418 501 -1 -1
362 420 423 -1 -1
362 420 475 -1 -1
362 420 508 -1 -1
362 420 509 -1 -1
362 421 475 -1 -1
401 448 451 -1 -1
401 448 470 -1 -1
401 448 476 -1 -1
401 448 504 -1 -1
401 451 477 -1 -1
362 424 471 -1 -1
362 429 445 -1 -1
401 460 505 -1 -1
401 461 465 -1 -1
362 431 508 -1 -1
362 431 510 -1 -1
401 465 477 -1 -1
401 465 498 -1 -1
401 468 472 -1 -1
362 435 456 -1 -1
362 435 465 -1 -1
401 470 476 -1 -1
362 435 493 -1 -1
362 435 509 -1 -1
401 470 507 -1 -1
401 471 472 -1 -1
401 472 476 -1 -1
401 472 504 -1 -1
292 324 472 -1 -1
362 440 508 -1 -1
401 482 483 -1 -1
401 497 505 -1 -1
292 327 403 -1 -1
292 327 434 -1 -1
292 327 482 -1 -1
362 450 510 -1 -1
362 451 473 -1 -1
362 451 509 -1 -1
292 328 435 -1 -1
292 328 446 -1 -1
362 456 509 -1 -1
362 460 471 -1 -1
292 329 330 -1 -1
362 461 507 -1 -1
292 329 482 -1 -1
362 469 508 -1 -1
292 330 477 -1 -1
362 470 510 -1 -1
362 471 497 -1 -1
362 471 498 -1 -1
292 331 368 -1 -1
362 472 473 -1 -1
362 473 475 -1 -1
292 332 406 -1 -1
362 476 507 -1 -1
362 476 508 -1 -1
292 332 434 -1 -1
292 332 470 -1 -1
292 333 334 -1 -1
362 488 508 -1 -1
362 488 510 -1 -1
362 504 508 -1 -1
292 335 377 -1 -1
292 336 337 -1 -1
363 364 447 -1 -1
363 364 511 -1 -1
363 366 437 -1 -1
403 419 443 -1 -1
403 419 471 -1 -1
403 419 502 -1 -1
292 342 424 -1 -1
292 342 439 -1 -1
292 342 461 -1 -1
292 342 507 -1 -1
403 433 483 -1 -1
403 440 477 -1 -1
403 440 497 -1 -1
403 440 498 -1 -1
363 380 439 -1 -1
363 380 445 -1 -1
292 352 483 -1 -1
292 356 508 -1 -1
292 359 360 -1 -1
292 359 364 -1 -1
292 359 401 -1 -1
292 360 451 -1 -1
292 361 435 -1 -1
292 361 508 -1 -1
292 361 510 -1 -1
363 396 409 -1 -1
292 364 395 -1 -1
292 364 420 -1 -1
292 364 421 -1 -1
363 398 436 -1 -1
292 365 446 -1 -1
363 401 447 -1 -1
363 401 474 -1 -1
363 401 511 -1 -1
404 410 483 -1 -1
292 369 392 -1 -1
292 369 429 -1 -1
292 369 439 -1 -1
292 369 465 -1 -1
292 369 466 -1 -1
363 409 433 -1 -1
292 373 416 -1 -1
363 410 474 -1 -1
292 377 414 -1 -1
292 377 472 -1 -1
404 419 424 -1 -1
363 418 510 -1 -1
292 380 474 -1 -1
292 384 386 -1 -1
363 426 474 -1 -1
363 428 447 -1 -1
363 428 511 -1 -1
404 433 483 -1 -1
363 435 436 -1 -1
292 391 392 -1 -1
326 409 486 -1 -1
363 435 510 -1 -1
363 436 445 -1 -1
292 391 466 -1 -1
363 436 509 -1 -1
292 392 429 -1 -1
292 393 497 -1 -1
292 393 501 -1 -1
292 395 462 -1 -1
292 395 463 -1 -1
292 395 468 -1 -1
292 395 469 -1 -1
292 395 497 -1 -1
292 395 500 -1 -1
404 441 476 -1 -1
404 441 477 -1 -1
292 398 451 -1 -1
292 398 465 -1 -1
292 398 472 -1 -1
363 444 474 -1 -1
292 401 424 -1 -1
363 447 451 -1 -1
363 447 475 -1 -1
292 401 460 -1 -1
292 401 461 -1 -1
292 401 507 -1 -1
292 403 416 -1 -1
292 403 431 -1 -1
292 403 508 -1 -1
363 451 511 -1 -1
363 456 474 -1 -1
292 405 479 -1 -1
404 456 478 -1 -1
404 456 483 -1 -1
363 463 474 -1 -1
363 469 474 -1 -1
363 472 474 -1 -1
292 410 460 -1 -1
292 410 497 -1 -1
363 474 491 -1 -1
363 474 492 -1 -1
363 474 493 -1 -1
363 474 500 -1 -1
363 474 501 -1 -1
404 469 478 -1 -1
404 469 483 -1 -1
363 475 511 -1 -1
404 470 483 -1 -1
292 416 434 -1 -1
404 478 491 -1 -1
404 478 492 -1 -1
404 478 493 -1 -1
404 483 491 -1 -1
404 483 492 -1 -1
404 483 493 -1 -1
364 366 396 -1 -1
292 421 468 -1 -1
292 423 433 -1 -1
292 423 498 -1 -1
292 424 470 -1 -1
292 424 475 -1 -1
292 428 451 -1 -1
364 369 391 -1 -1
364 369 397 -1 -1
364 369 451 -1 -1
364 369 465 -1 -1
292 431 461 -1 -1
292 432 434 -1 -1
292 432 469 -1 -1
292 432 497 -1 -1
292 433 468 -1 -1
292 433 471 -1 -1
292 433 498 -1 -1
292 433 507 -1 -1
292 434 456 -1 -1
292 434 462 -1 -1
292 434 465 -1 -1
292 434 493 -1 -1
292 435 503 -1 -1
292 440 478 -1 -1
292 440 483 -1 -1
292 441 477 -1 -1
292 442 479 -1 -1
292 443 446 -1 -1
292 448 470 -1 -1
292 451 471 -1 -1
292 451 502 -1 -1
292 456 462 -1 -1
292 456 463 -1 -1
327 328 440 -1 -1
292 456 500 -1 -1
364 379 410 -1 -1
292 456 502 -1 -1
364 379 437 -1 -1
292 460 475 -1 -1
364 379 447 -1 -1
292 461 468 -1 -1
364 379 472 -1 -1
292 461 470 -1 -1
292 462 463 -1 -1
292 462 491 -1 -1
292 462 492 -1 -1
292 462 493 -1 -1
292 462 500 -1 -1
292 463 469 -1 -1
327 329 446 -1 -1
292 463 491 -1 -1
292 463 492 -1 -1
292 463 493 -1 -1
292 463 500 -1 -1
292 465 502 -1 -1
292 468 469 -1 -1
292 468 497 -1 -1
292 469 497 -1 -1
292 469 500 -1 -1
292 469 502 -1 -1
292 472 508 -1 -1
364 384 435 -1 -1
292 472 510 -1 -1
292 478 483 -1 -1
405 431 442 -1 -1
292 491 500 -1 -1
327 334 364 -1 -1
327 334 365 -1 -1
292 492 500 -1 -1
292 492 502 -1 -1
292 493 500 -1 -1
292 493 502 -1 -1
292 497 501 -1 -1
327 334 465 -1 -1
327 334 476 -1 -1
327 334 503 -1 -1
327 335 371 -1 -1
327 335 435 -1 -1
364 391 476 -1 -1
327 335 509 -1 -1
364 392 406 -1 -1
327 337 374 -1 -1
364 395 396 -1 -1
364 395 421 -1 -1
364 396 432 -1 -1
327 338 412 -1 -1
364 396 468 -1 -1
364 396 504 -1 -1
364 396 507 -1 -1
364 397 472 -1 -1
364 399 440 -1 -1
364 399 468 -1 -1
364 399 504 -1 -1
327 342 420 -1 -1
364 406 465 -1 -1
364 410 434 -1 -1
364 416 450 -1 -1
364 421 440 -1 -1
293 308 342 -1 -1
293 308 396 -1 -1
364 429 443 -1 -1
406 411 436 -1 -1
327 356 441 -1 -1
364 433 434 -1 -1
364 433 476 -1 -1
364 433 507 -1 -1
364 434 470 -1 -1
364 434 488 -1 -1
327 360 398 -1 -1
364 439 450 -1 -1
364 439 475 -1 -1
327 363 409 -1 -1
364 443 466 -1 -1
364 448 451 -1 -1
364 448 476 -1 -1
327 365 395 -1 -1
327 365 469 -1 -1
364 456 477 -1 -1
364 465 477 -1 -1
364 469 472 -1 -1
364 472 477 -1 -1
364 472 504 -1 -1
364 477 493 -1 -1
364 482 483 -1 -1
365 366 423 -1 -1
365 366 433 -1 -1
365 367 391 -1 -1
365 367 401 -1 -1
327 377 444 -1 -1
293 323 374 -1 -1
327 377 476 -1 -1
327 384 432 -1 -1
327 384 470 -1 -1
327 392 418 -1 -1
327 393 420 -1 -1
327 395 416 -1 -1
327 395 468 -1 -1
407 408 416 -1 -1
365 389 397 -1 -1
407 408 428 -1 -1
407 408 456 -1 -1
407 408 471 -1 -1
407 408 492 -1 -1
407 408 493 -1 -1
407 408 508 -1 -1
365 390 391 -1 -1
407 411 436 -1 -1
365 396 476 -1 -1
365 396 483 -1 -1
365 397 404 -1 -1
365 397 477 -1 -1
365 397 483 -1 -1
365 403 404 -1 -1
365 403 419 -1 -1
327 413 415 -1 -1
365 404 423 -1 -1
365 404 424 -1 -1
365 404 461 -1 -1
365 404 482 -1 -1
365 404 498 -1 -1
327 416 476 -1 -1
327 416 498 -1 -1
327 418 475 -1 -1
327 420 431 -1 -1
327 420 468 -1 -1
327 420 498 -1 -1
327 420 504 -1 -1
327 420 508 -1 -1
327 421 433 -1 -1
293 346 382 -1 -1
293 347 387 -1 -1
327 424 507 -1 -1
327 424 509 -1 -1
327 426 446 -1 -1
327 432 468 -1 -1
327 433 471 -1 -1
365 421 435 -1 -1
327 440 508 -1 -1
365 426 439 -1 -1
327 445 447 -1 -1
327 445 474 -1 -1
327 445 511 -1 -1
327 446 501 -1 -1
365 433 476 -1 -1
365 433 483 -1 -1
327 451 476 -1 -1
365 439 444 -1 -1
327 456 508 -1 -1
365 439 501 -1 -1
327 461 507 -1 -1
327 461 509 -1 -1
327 469 507 -1 -1
327 469 509 -1 -1
327 491 508 -1 -1
327 492 508 -1 -1
327 493 508 -1 -1
365 472 476 -1 -1
328 329 424 -1 -1
328 329 461 -1 -1
408 418 437 -1 -1
328 335 471 -1 -1
328 335 498 -1 -1
328 338 375 -1 -1
260 261 325 -1 -1
366 377 395 -1 -1
366 377 432 -1 -1
366 377 469 -1 -1
328 342 366 -1 -1
328 342 389 -1 -1
408 437 463 -1 -1
408 437 500 -1 -1
328 342 477 -1 -1
328 342 483 -1 -1
366 379 434 -1 -1
293 387 482 -1 -1
293 387 483 -1 -1
366 391 396 -1 -1
366 391 424 -1 -1
366 391 460 -1 -1
366 391 461 -1 -1
366 391 470 -1 -1
366 391 497 -1 -1
366 391 498 -1 -1
366 392 439 -1 -1
408 474 475 -1 -1
408 474 476 -1 -1
366 393 465 -1 -1
366 393 472 -1 -1
366 393 493 -1 -1
366 395 421 -1 -1
366 395 465 -1 -1
366 396 439 -1 -1
366 396 446 -1 -1
328 359 440 -1 -1
366 401 476 -1 -1
366 403 423 -1 -1
366 403 424 -1 -1
366 403 461 -1 -1
328 360 450 -1 -1
366 403 498 -1 -1
328 362 389 -1 -1
328 362 483 -1 -1
328 364 440 -1 -1
328 365 366 -1 -1
328 365 404 -1 -1
366 410 434 -1 -1
328 366 433 -1 -1
328 367 391 -1 -1
328 367 401 -1 -1
328 367 472 -1 -1
366 421 432 -1 -1
366 421 508 -1 -1
366 424 451 -1 -1
366 424 468 -1 -1
366 424 472 -1 -1
366 424 505 -1 -1
366 431 451 -1 -1
366 431 465 -1 -1
366 432 465 -1 -1
409 443 474 -1 -1
409 444 447 -1 -1
409 444 474 -1 -1
409 446 451 -1 -1
409 446 465 -1 -1
409 447 448 -1 -1
366 439 443 -1 -1
366 439 448 -1 -1
409 448 474 -1 -1
409 448 511 -1 -1
366 446 503 -1 -1
366 451 460 -1 -1
366 451 461 -1 -1
366 456 460 -1 -1
366 456 476 -1 -1
366 456 497 -1 -1
366 460 465 -1 -1
328 389 399 -1 -1
366 461 472 -1 -1
328 389 434 -1 -1
328 390 391 -1 -1
366 465 476 -1 -1
366 465 497 -1 -1
366 472 476 -1 -1
366 472 498 -1 -1
366 472 508 -1 -1
366 475 482 -1 -1
366 476 493 -1 -1
328 396 440 -1 -1
328 396 483 -1 -1
328 397 404 -1 -1
366 493 497 -1 -1
366 493 498 -1 -1
366 498 505 -1 -1
328 399 483 -1 -1
328 403 419 -1 -1
328 404 423 -1 -1
328 404 424 -1 -1
328 404 461 -1 -1
328 404 475 -1 -1
328 404 498 -1 -1
328 408 437 -1 -1
410 423 472 -1 -1
410 424 431 -1 -1
410 428 429 -1 -1
410 428 503 -1 -1
410 431 461 -1 -1
410 433 476 -1 -1
410 434 470 -1 -1
410 435 450 -1 -1
410 437 447 -1 -1
410 437 511 -1 -1
328 419 507 -1 -1
328 421 435 -1 -1
410 443 448 -1 -1
410 443 475 -1 -1
410 444 465 -1 -1
410 447 474 -1 -1
410 450 471 -1 -1
410 451 488 -1 -1
410 463 488 -1 -1
410 465 488 -1 -1
328 433 483 -1 -1
328 434 477 -1 -1
328 434 483 -1 -1
410 472 488 -1 -1
328 439 444 -1 -1
367 397 403 -1 -1
367 397 478 -1 -1
367 403 460 -1 -1
367 403 468 -1 -1
367 403 488 -1 -1
367 403 497 -1 -1
367 410 441 -1 -1
367 418 419 -1 -1
367 419 429 -1 -1
367 419 444 -1 -1
329 332 416 -1 -1
329 332 507 -1 -1
329 332 508 -1 -1
329 335 406 -1 -1
329 336 337 -1 -1
367 433 441 -1 -1
367 441 456 -1 -1
367 441 470 -1 -1
367 441 472 -1 -1
367 441 491 -1 -1
367 441 492 -1 -1
367 441 493 -1 -1
329 342 396 -1 -1
367 460 478 -1 -1
367 460 483 -1 -1
367 477 478 -1 -1
367 478 497 -1 -1
367 483 497 -1 -1
228 237 355 -1 -1
368 369 442 -1 -1
329 359 369 -1 -1
329 359 416 -1 -1
329 359 456 -1 -1
329 359 465 -1 -1
329 359 492 -1 -1
329 359 493 -1 -1
329 361 392 -1 -1
329 361 410 -1 -1
329 362 377 -1 -1
329 362 398 -1 -1
329 362 435 -1 -1
329 362 471 -1 -1
329 363 474 -1 -1
329 364 369 -1 -1
329 364 396 -1 -1
329 365 424 -1 -1
329 365 461 -1 -1
329 365 475 -1 -1
329 366 441 -1 -1
329 367 441 -1 -1
329 369 401 -1 -1
329 369 410 -1 -1
329 369 416 -1 -1
329 369 432 -1 -1
329 369 462 -1 -1
329 369 471 -1 -1
329 369 475 -1 -1
329 369 485 -1 -1
329 369 488 -1 -1
329 369 500 -1 -1
329 369 505 -1 -1
329 371 408 -1 -1
329 377 399 -1 -1
329 379 437 -1 -1
368 401 405 -1 -1
329 392 426 -1 -1
368 405 439 -1 -1
368 405 475 -1 -1
329 393 456 -1 -1
329 393 492 -1 -1
329 393 493 -1 -1
329 395 491 -1 -1
329 395 492 -1 -1
329 395 493 -1 -1
329 396 401 -1 -1
329 396 439 -1 -1
329 398 399 -1 -1
329 399 435 -1 -1
329 399 471 -1 -1
329 401 424 -1 -1
329 401 461 -1 -1
329 403 475 -1 -1
228 261 306 -1 -1
368 419 478 -1 -1
329 410 488 -1 -1
329 426 429 -1 -1
329 426 466 -1 -1
368 441 478 -1 -1
329 428 465 -1 -1
368 442 451 -1 -1
329 428 503 -1 -1
329 429 463 -1 -1
329 429 500 -1 -1
329 429 501 -1 -1
329 432 492 -1 -1
329 432 493 -1 -1
329 434 446 -1 -1
329 434 461 -1 -1
329 439 448 -1 -1
329 440 478 -1 -1
329 440 483 -1 -1
329 443 502 -1 -1
329 444 465 -1 -1
329 456 488 -1 -1
329 456 497 -1 -1
368 475 479 -1 -1
329 465 488 -1 -1
329 465 504 -1 -1
329 465 505 -1 -1
329 488 492 -1 -1
329 488 493 -1 -1
329 492 497 -1 -1
329 493 497 -1 -1
369 379 397 -1 -1
369 379 420 -1 -1
369 384 451 -1 -1
369 389 404 -1 -1
369 391 393 -1 -1
369 391 396 -1 -1
369 391 424 -1 -1
369 391 433 -1 -1
369 391 461 -1 -1
369 391 471 -1 -1
369 391 477 -1 -1
369 391 498 -1 -1
369 391 504 -1 -1
369 396 416 -1 -1
369 396 456 -1 -1
369 396 462 -1 -1
369 396 493 -1 -1
369 397 416 -1 -1
369 397 456 -1 -1
369 397 501 -1 -1
369 397 508 -1 -1
369 401 406 -1 -1
369 401 426 -1 -1
369 401 456 -1 -1
369 401 470 -1 -1
369 401 492 -1 -1
369 401 493 -1 -1
369 401 508 -1 -1
369 401 509 -1 -1
369 403 404 -1 -1
369 406 439 -1 -1
369 409 446 -1 -1
369 410 469 -1 -1
330 366 367 -1 -1
369 416 440 -1 -1
330 367 440 -1 -1
369 421 451 -1 -1
369 421 473 -1 -1
369 423 434 -1 -1
369 423 469 -1 -1
369 424 456 -1 -1
369 424 508 -1 -1
369 426 432 -1 -1
369 426 433 -1 -1
369 426 456 -1 -1
369 426 462 -1 -1
369 426 463 -1 -1
369 426 491 -1 -1
369 426 492 -1 -1
369 426 493 -1 -1
369 426 500 -1 -1
369 426 501 -1 -1
369 428 429 -1 -1
369 428 446 -1 -1
369 428 466 -1 -1
369 429 503 -1 -1
369 431 456 -1 -1
295 296 389 -1 -1
369 431 493 -1 -1
295 296 403 -1 -1
295 296 404 -1 -1
369 432 456 -1 -1
295 296 482 -1 -1
295 296 483 -1 -1
369 432 477 -1 -1
369 432 491 -1 -1
369 432 492 -1 -1
369 432 493 -1 -1
369 432 508 -1 -1
369 433 456 -1 -1
369 433 463 -1 -1
369 433 492 -1 -1
369 433 493 -1 -1
369 434 469 -1 -1
369 434 505 -1 -1
369 440 497 -1 -1
369 440 507 -1 -1
369 446 503 -1 -1
369 448 451 -1 -1
369 448 471 -1 -1
369 448 477 -1 -1
369 448 493 -1 -1
369 448 502 -1 -1
369 450 503 -1 -1
369 451 460 -1 -1
369 451 477 -1 -1
369 451 497 -1 -1
369 451 501 -1 -1
369 451 507 -1 -1
369 456 461 -1 -1
369 456 463 -1 -1
369 456 468 -1 -1
369 456 498 -1 -1
369 460 465 -1 -1
369 460 508 -1 -1
369 461 469 -1 -1
369 461 508 -1 -1
369 462 463 -1 -1
369 462 469 -1 -1
369 463 470 -1 -1
369 463 491 -1 -1
369 463 492 -1 -1
369 463 493 -1 -1
369 463 500 -1 -1
369 463 501 -1 -1
369 465 468 -1 -1
369 465 471 -1 -1
369 465 497 -1 -1
369 466 503 -1 -1
369 468 493 -1 -1
369 469 470 -1 -1
369 469 475 -1 -1
369 469 498 -1 -1
369 469 500 -1 -1
330 390 398 -1 -1
369 470 491 -1 -1
369 470 492 -1 -1
369 470 501 -1 -1
369 471 472 -1 -1
261 276 347 -1 -1
261 276 370 -1 -1
261 276 371 -1 -1
369 477 509 -1 -1
369 488 493 -1 -1
369 492 509 -1 -1
369 493 509 -1 -1
369 497 508 -1 -1
369 498 508 -1 -1
369 501 509 -1 -1
370 408 428 -1 -1
370 408 431 -1 -1
370 408 440 -1 -1
370 408 451 -1 -1
331 368 395 -1 -1
331 368 424 -1 -1
331 368 498 -1 -1
331 377 399 -1 -1
295 368 441 -1 -1
295 369 482 -1 -1
331 395 442 -1 -1
331 410 442 -1 -1
295 403 419 -1 -1
229 250 320 -1 -1
331 442 450 -1 -1
331 442 468 -1 -1
331 442 488 -1 -1
331 478 482 -1 -1
331 478 483 -1 -1
332 334 465 -1 -1
332 335 343 -1 -1
332 335 370 -1 -1
332 335 435 -1 -1
332 335 450 -1 -1
332 335 509 -1 -1
332 342 423 -1 -1
332 342 461 -1 -1
332 343 399 -1 -1
229 269 347 -1 -1
197 236 260 -1 -1
296 297 398 -1 -1
296 297 435 -1 -1
332 359 369 -1 -1
332 359 396 -1 -1
332 359 426 -1 -1
332 359 450 -1 -1
332 359 456 -1 -1
332 360 384 -1 -1
332 360 426 -1 -1
332 360 428 -1 -1
332 360 433 -1 -1
332 360 470 -1 -1
332 360 501 -1 -1
332 360 502 -1 -1
332 361 401 -1 -1
332 361 423 -1 -1
332 361 461 -1 -1
332 361 498 -1 -1
296 304 378 -1 -1
332 364 369 -1 -1
332 364 406 -1 -1
296 306 333 -1 -1
332 364 426 -1 -1
332 364 456 -1 -1
332 364 469 -1 -1
332 364 477 -1 -1
332 364 491 -1 -1
332 364 492 -1 -1
332 364 493 -1 -1
332 364 508 -1 -1
296 306 451 -1 -1
296 306 502 -1 -1
332 366 424 -1 -1
332 366 460 -1 -1
332 366 461 -1 -1
332 366 476 -1 -1
332 368 405 -1 -1
332 369 396 -1 -1
332 369 424 -1 -1
332 369 433 -1 -1
332 369 434 -1 -1
332 369 460 -1 -1
332 369 461 -1 -1
332 369 469 -1 -1
332 369 497 -1 -1
332 369 498 -1 -1
372 409 410 -1 -1
372 409 433 -1 -1
372 409 456 -1 -1
372 409 470 -1 -1
372 409 472 -1 -1
372 409 491 -1 -1
332 379 444 -1 -1
164 165 439 -1 -1
296 325 366 -1 -1
296 325 396 -1 -1
229 297 405 -1 -1
296 325 424 -1 -1
296 325 433 -1 -1
296 325 461 -1 -1
296 325 497 -1 -1
296 325 498 -1 -1
296 327 384 -1 -1
332 391 439 -1 -1
296 329 396 -1 -1
296 329 398 -1 -1
296 329 435 -1 -1
332 395 507 -1 -1
332 396 398 -1 -1
332 396 432 -1 -1
332 396 493 -1 -1
296 332 443 -1 -1
296 333 396 -1 -1
296 333 397 -1 -1
229 306 446 -1 -1
296 333 433 -1 -1
296 333 468 -1 -1
296 333 488 -1 -1
296 333 504 -1 -1
296 333 505 -1 -1
332 410 471 -1 -1
332 416 424 -1 -1
332 416 434 -1 -1
332 416 461 -1 -1
332 416 476 -1 -1
332 416 498 -1 -1
296 341 378 -1 -1
296 342 398 -1 -1
296 342 435 -1 -1
296 342 445 -1 -1
296 342 471 -1 -1
332 421 451 -1 -1
332 423 508 -1 -1
332 424 428 -1 -1
332 424 456 -1 -1
332 424 471 -1 -1
332 424 472 -1 -1
332 424 508 -1 -1
332 426 434 -1 -1
332 426 460 -1 -1
332 426 476 -1 -1
332 426 497 -1 -1
332 428 461 -1 -1
332 428 498 -1 -1
332 428 507 -1 -1
332 431 460 -1 -1
332 431 461 -1 -1
332 431 507 -1 -1
332 432 505 -1 -1
332 432 507 -1 -1
332 433 435 -1 -1
332 433 493 -1 -1
332 434 450 -1 -1
332 434 456 -1 -1
332 434 502 -1 -1
332 435 470 -1 -1
332 439 446 -1 -1
332 440 470 -1 -1
332 440 475 -1 -1
332 440 498 -1 -1
229 330 441 -1 -1
332 451 470 -1 -1
332 451 488 -1 -1
332 451 497 -1 -1
332 451 501 -1 -1
332 451 504 -1 -1
332 456 461 -1 -1
332 456 498 -1 -1
373 393 411 -1 -1
332 461 471 -1 -1
332 461 472 -1 -1
332 461 508 -1 -1
332 462 476 -1 -1
332 463 476 -1 -1
332 468 507 -1 -1
332 470 492 -1 -1
332 470 508 -1 -1
332 470 509 -1 -1
332 471 498 -1 -1
332 472 475 -1 -1
332 472 476 -1 -1
296 356 440 -1 -1
332 475 505 -1 -1
332 476 500 -1 -1
332 476 502 -1 -1
332 476 505 -1 -1
296 359 440 -1 -1
296 359 450 -1 -1
296 359 451 -1 -1
332 497 507 -1 -1
332 498 508 -1 -1
296 361 510 -1 -1
333 334 395 -1 -1
296 362 473 -1 -1
333 334 469 -1 -1
296 362 510 -1 -1
296 364 366 -1 -1
373 411 426 -1 -1
373 411 456 -1 -1
296 366 398 -1 -1
373 411 462 -1 -1
373 411 463 -1 -1
373 411 465 -1 -1
373 411 468 -1 -1
296 366 424 -1 -1
296 366 432 -1 -1
296 366 435 -1 -1
373 411 493 -1 -1
373 411 500 -1 -1
373 411 504 -1 -1
373 411 505 -1 -1
296 366 460 -1 -1
296 366 461 -1 -1
296 366 468 -1 -1
296 366 476 -1 -1
296 366 497 -1 -1
296 366 498 -1 -1
296 366 508 -1 -1
296 368 479 -1 -1
296 370 439 -1 -1
296 370 456 -1 -1
296 370 465 -1 -1
296 370 472 -1 -1
296 370 491 -1 -1
296 370 492 -1 -1
296 370 493 -1 -1
296 377 405 -1 -1
296 377 476 -1 -1
296 377 477 -1 -1
296 379 435 -1 -1
296 379 440 -1 -1
296 379 443 -1 -1
296 379 456 -1 -1
296 379 502 -1 -1
229 362 401 -1 -1
229 365 428 -1 -1
229 365 456 -1 -1
229 365 471 -1 -1
229 365 493 -1 -1
229 365 508 -1 -1
229 366 368 -1 -1
229 366 442 -1 -1
229 368 431 -1 -1
229 368 432 -1 -1
229 368 468 -1 -1
229 368 493 -1 -1
296 389 404 -1 -1
296 391 429 -1 -1
296 391 439 -1 -1
296 392 418 -1 -1
296 393 423 -1 -1
296 393 426 -1 -1
296 393 450 -1 -1
296 393 462 -1 -1
296 393 463 -1 -1
296 393 491 -1 -1
296 393 492 -1 -1
296 393 493 -1 -1
296 393 500 -1 -1
296 396 451 -1 -1
296 396 471 -1 -1
296 396 507 -1 -1
296 398 471 -1 -1
296 399 473 -1 -1
296 399 510 -1 -1
296 404 478 -1 -1
296 404 483 -1 -1
296 405 442 -1 -1
296 406 440 -1 -1
296 407 448 -1 -1
296 409 446 -1 -1
229 389 479 -1 -1
296 416 451 -1 -1
296 420 434 -1 -1
296 420 451 -1 -1
296 420 473 -1 -1
296 421 434 -1 -1
296 421 451 -1 -1
296 421 473 -1 -1
229 396 479 -1 -1
296 423 426 -1 -1
296 423 435 -1 -1
229 397 426 -1 -1
229 397 429 -1 -1
296 423 463 -1 -1
229 397 463 -1 -1
296 423 500 -1 -1
296 423 509 -1 -1
229 397 500 -1 -1
229 397 501 -1 -1
296 424 435 -1 -1
296 424 440 -1 -1
296 424 470 -1 -1
296 424 471 -1 -1
296 426 432 -1 -1
296 426 463 -1 -1
296 426 488 -1 -1
229 399 401 -1 -1
296 426 504 -1 -1
296 431 456 -1 -1
296 431 491 -1 -1
296 431 492 -1 -1
296 431 493 -1 -1
229 401 472 -1 -1
296 432 435 -1 -1
296 432 451 -1 -1
296 432 456 -1 -1
296 432 463 -1 -1
296 432 500 -1 -1
296 432 509 -1 -1
296 433 445 -1 -1
296 433 451 -1 -1
229 405 423 -1 -1
296 435 461 -1 -1
296 435 498 -1 -1
296 440 451 -1 -1
296 440 461 -1 -1
296 440 475 -1 -1
296 440 482 -1 -1
296 440 498 -1 -1
296 440 507 -1 -1
296 440 508 -1 -1
229 410 444 -1 -1
296 446 503 -1 -1
229 418 475 -1 -1
296 451 468 -1 -1
296 451 508 -1 -1
296 456 488 -1 -1
296 456 501 -1 -1
296 456 504 -1 -1
296 456 505 -1 -1
296 460 470 -1 -1
296 460 471 -1 -1
296 461 471 -1 -1
296 463 488 -1 -1
296 463 504 -1 -1
229 428 442 -1 -1
296 470 497 -1 -1
296 470 498 -1 -1
296 471 497 -1 -1
296 471 498 -1 -1
296 471 507 -1 -1
374 411 444 -1 -1
374 411 465 -1 -1
229 433 479 -1 -1
229 434 443 -1 -1
374 411 503 -1 -1
229 434 448 -1 -1
296 475 509 -1 -1
333 398 408 -1 -1
333 400 410 -1 -1
296 488 491 -1 -1
296 488 492 -1 -1
296 488 493 -1 -1
296 488 500 -1 -1
296 488 502 -1 -1
296 488 509 -1 -1
296 491 504 -1 -1
229 442 456 -1 -1
296 492 504 -1 -1
296 492 505 -1 -1
296 493 504 -1 -1
229 442 502 -1 -1
296 500 504 -1 -1
296 502 509 -1 -1
296 504 509 -1 -1
333 408 428 -1 -1
333 408 435 -1 -1
333 408 450 -1 -1
333 408 493 -1 -1
333 408 508 -1 -1
333 410 447 -1 -1
333 410 511 -1 -1
333 411 437 -1 -1
333 411 447 -1 -1
333 411 511 -1 -1
297 301 323 -1 -1
230 231 340 -1 -1
230 232 366 -1 -1
230 232 439 -1 -1
297 312 376 -1 -1
262 370 422 -1 -1
334 335 379 -1 -1
297 324 377 -1 -1
297 325 364 -1 -1
297 325 429 -1 -1
334 342 379 -1 -1
334 342 400 -1 -1
334 342 410 -1 -1
297 325 465 -1 -1
334 342 474 -1 -1
334 343 475 -1 -1
297 327 466 -1 -1
297 327 503 -1 -1
297 328 332 -1 -1
297 329 343 -1 -1
297 329 436 -1 -1
297 333 429 -1 -1
297 333 446 -1 -1
297 333 466 -1 -1
334 362 363 -1 -1
334 362 437 -1 -1
334 363 399 -1 -1
230 265 341 -1 -1
334 364 421 -1 -1
297 343 398 -1 -1
297 343 416 -1 -1
297 343 456 -1 -1
297 343 493 -1 -1
297 343 508 -1 -1
297 343 509 -1 -1
198 229 243 -1 -1
230 273 327 -1 -1
230 273 466 -1 -1
334 377 465 -1 -1
334 377 472 -1 -1
198 233 479 -1 -1
376 377 390 -1 -1
334 380 381 -1 -1
334 380 466 -1 -1
334 380 503 -1 -1
376 378 418 -1 -1
198 235 400 -1 -1
297 360 398 -1 -1
297 360 421 -1 -1
297 361 370 -1 -1
297 362 437 -1 -1
334 390 403 -1 -1
263 265 366 -1 -1
263 265 440 -1 -1
230 283 337 -1 -1
334 395 420 -1 -1
334 396 436 -1 -1
297 366 420 -1 -1
297 366 421 -1 -1
334 396 473 -1 -1
297 366 436 -1 -1
297 366 473 -1 -1
334 397 436 -1 -1
334 398 420 -1 -1
334 398 421 -1 -1
334 398 435 -1 -1
334 398 510 -1 -1
334 399 437 -1 -1
334 400 472 -1 -1
297 370 421 -1 -1
230 288 304 -1 -1
297 377 440 -1 -1
297 377 461 -1 -1
297 379 447 -1 -1
297 379 511 -1 -1
334 420 440 -1 -1
297 380 445 -1 -1
334 420 456 -1 -1
334 420 469 -1 -1
334 420 477 -1 -1
334 420 491 -1 -1
334 420 492 -1 -1
334 420 493 -1 -1
334 420 509 -1 -1
334 421 435 -1 -1
334 421 440 -1 -1
334 421 450 -1 -1
334 421 477 -1 -1
334 421 488 -1 -1
334 433 436 -1 -1
334 433 473 -1 -1
334 435 436 -1 -1
334 435 450 -1 -1
334 435 473 -1 -1
334 435 508 -1 -1
334 435 510 -1 -1
334 436 450 -1 -1
334 436 456 -1 -1
334 436 470 -1 -1
334 436 477 -1 -1
334 436 509 -1 -1
334 437 472 -1 -1
263 283 404 -1 -1
230 302 303 -1 -1
334 447 472 -1 -1
334 448 451 -1 -1
230 303 332 -1 -1
230 303 362 -1 -1
334 450 510 -1 -1
297 396 473 -1 -1
334 465 510 -1 -1
297 398 444 -1 -1
334 470 473 -1 -1
334 470 510 -1 -1
334 472 474 -1 -1
334 472 511 -1 -1
334 473 477 -1 -1
334 473 485 -1 -1
334 473 488 -1 -1
334 473 509 -1 -1
334 477 510 -1 -1
334 488 510 -1 -1
334 508 509 -1 -1
334 509 510 -1 -1
297 410 444 -1 -1
297 416 444 -1 -1
297 416 450 -1 -1
335 343 370 -1 -1
335 343 379 -1 -1
335 343 398 -1 -1
297 420 471 -1 -1
297 420 497 -1 -1
335 343 450 -1 -1
297 421 424 -1 -1
335 343 473 -1 -1
297 421 471 -1 -1
335 343 508 -1 -1
335 343 509 -1 -1
335 343 510 -1 -1
297 421 498 -1 -1
297 423 448 -1 -1
297 424 436 -1 -1
297 426 444 -1 -1
377 384 503 -1 -1
263 301 338 -1 -1
297 435 444 -1 -1
297 436 461 -1 -1
377 390 482 -1 -1
297 439 445 -1 -1
297 444 445 -1 -1
377 395 469 -1 -1
297 444 456 -1 -1
297 444 462 -1 -1
297 444 493 -1 -1
297 444 500 -1 -1
377 396 435 -1 -1
377 397 398 -1 -1
297 450 471 -1 -1
377 403 477 -1 -1
335 360 407 -1 -1
335 360 428 -1 -1
335 360 466 -1 -1
297 471 509 -1 -1
297 477 510 -1 -1
230 340 342 -1 -1
230 340 371 -1 -1
335 365 471 -1 -1
335 365 498 -1 -1
298 299 333 -1 -1
377 414 450 -1 -1
298 299 429 -1 -1
298 299 466 -1 -1
377 416 418 -1 -1
377 416 424 -1 -1
377 416 428 -1 -1
377 416 432 -1 -1
377 416 439 -1 -1
377 416 476 -1 -1
377 416 507 -1 -1
377 418 507 -1 -1
335 370 435 -1 -1
335 370 471 -1 -1
377 420 456 -1 -1
377 420 491 -1 -1
377 420 492 -1 -1
377 420 493 -1 -1
377 421 456 -1 -1
377 421 492 -1 -1
377 421 493 -1 -1
377 423 471 -1 -1
377 424 471 -1 -1
298 304 341 -1 -1
377 428 507 -1 -1
298 305 361 -1 -1
377 432 507 -1 -1
298 305 416 -1 -1
377 433 435 -1 -1
298 305 477 -1 -1
298 305 502 -1 -1
298 306 342 -1 -1
298 306 343 -1 -1
298 306 406 -1 -1
298 306 416 -1 -1
298 306 440 -1 -1
298 306 451 -1 -1
298 306 456 -1 -1
298 306 477 -1 -1
335 377 450 -1 -1
298 307 384 -1 -1
377 437 510 -1 -1
377 439 507 -1 -1
335 381 384 -1 -1
377 448 451 -1 -1
263 329 415 -1 -1
298 312 378 -1 -1
377 461 471 -1 -1
377 471 498 -1 -1
335 391 407 -1 -1
263 336 395 -1 -1
335 398 443 -1 -1
263 336 509 -1 -1
335 401 407 -1 -1
230 376 473 -1 -1
335 406 508 -1 -1
335 407 435 -1 -1
335 407 465 -1 -1
378 389 414 -1 -1
298 325 352 -1 -1
298 325 360 -1 -1
298 325 391 -1 -1
298 325 408 -1 -1
298 325 410 -1 -1
298 325 465 -1 -1
298 325 476 -1 -1
335 416 418 -1 -1
298 327 363 -1 -1
335 418 507 -1 -1
298 328 400 -1 -1
298 329 400 -1 -1
298 329 474 -1 -1
298 329 511 -1 -1
335 429 471 -1 -1
335 429 508 -1 -1
298 332 446 -1 -1
378 411 478 -1 -1
298 334 472 -1 -1
378 414 431 -1 -1
378 414 435 -1 -1
378 414 456 -1 -1
378 414 460 -1 -1
378 414 462 -1 -1
378 414 463 -1 -1
378 414 497 -1 -1
378 414 500 -1 -1
378 414 505 -1 -1
378 414 507 -1 -1
378 414 509 -1 -1
298 335 471 -1 -1
335 444 473 -1 -1
263 361 377 -1 -1
263 362 374 -1 -1
298 342 359 -1 -1
298 342 420 -1 -1
298 342 421 -1 -1
298 342 465 -1 -1
298 342 468 -1 -1
298 342 470 -1 -1
298 342 488 -1 -1
298 342 504 -1 -1
335 502 508 -1 -1
336 337 366 -1 -1
336 337 379 -1 -1
336 337 472 -1 -1
336 338 419 -1 -1
263 373 395 -1 -1
263 377 392 -1 -1
379 380 381 -1 -1
231 232 343 -1 -1
231 232 384 -1 -1
231 232 448 -1 -1
231 232 451 -1 -1
298 361 372 -1 -1
298 361 400 -1 -1
298 363 364 -1 -1
298 363 370 -1 -1
298 363 392 -1 -1
298 363 451 -1 -1
298 363 503 -1 -1
379 396 400 -1 -1
379 396 410 -1 -1
379 396 434 -1 -1
379 396 447 -1 -1
379 397 477 -1 -1
379 400 423 -1 -1
379 400 433 -1 -1
379 400 507 -1 -1
379 401 410 -1 -1
379 401 437 -1 -1
379 401 447 -1 -1
231 238 474 -1 -1
379 401 511 -1 -1
298 370 447 -1 -1
298 370 511 -1 -1
298 372 456 -1 -1
298 372 462 -1 -1
298 372 465 -1 -1
298 372 492 -1 -1
298 372 493 -1 -1
379 410 423 -1 -1
379 410 475 -1 -1
379 410 507 -1 -1
199 200 236 -1 -1
298 377 447 -1 -1
298 377 511 -1 -1
379 423 445 -1 -1
379 423 447 -1 -1
379 423 511 -1 -1
379 424 437 -1 -1
379 436 473 -1 -1
379 437 460 -1 -1
379 437 461 -1 -1
379 437 475 -1 -1
379 437 497 -1 -1
379 437 498 -1 -1
379 444 445 -1 -1
379 444 456 -1 -1
379 444 465 -1 -1
379 445 470 -1 -1
298 391 437 -1 -1
379 447 475 -1 -1
298 393 400 -1 -1
298 393 447 -1 -1
298 393 511 -1 -1
298 400 420 -1 -1
298 400 421 -1 -1
298 400 424 -1 -1
298 400 461 -1 -1
379 472 498 -1 -1
298 400 504 -1 -1
379 475 511 -1 -1
199 225 347 -1 -1
298 429 437 -1 -1
298 429 446 -1 -1
231 268 299 -1 -1
231 268 408 -1 -1
231 268 433 -1 -1
298 434 447 -1 -1
298 434 474 -1 -1
298 434 511 -1 -1
298 436 471 -1 -1
298 437 466 -1 -1
380 400 439 -1 -1
298 446 450 -1 -1
298 446 466 -1 -1
298 446 475 -1 -1
298 446 501 -1 -1
231 274 310 -1 -1
298 447 461 -1 -1
298 460 474 -1 -1
298 461 511 -1 -1
298 474 497 -1 -1
298 474 498 -1 -1
337 339 341 -1 -1
231 281 282 -1 -1
264 283 365 -1 -1
231 284 327 -1 -1
231 284 364 -1 -1
380 437 439 -1 -1
380 439 474 -1 -1
380 439 511 -1 -1
337 359 373 -1 -1
231 295 447 -1 -1
231 295 474 -1 -1
231 295 511 -1 -1
231 298 334 -1 -1
231 298 343 -1 -1
381 384 420 -1 -1
381 384 471 -1 -1
231 299 364 -1 -1
231 299 395 -1 -1
231 299 401 -1 -1
231 299 416 -1 -1
231 299 431 -1 -1
231 299 439 -1 -1
231 299 460 -1 -1
231 299 461 -1 -1
231 299 497 -1 -1
231 299 498 -1 -1
337 371 400 -1 -1
337 371 447 -1 -1
299 324 384 -1 -1
337 373 396 -1 -1
337 373 472 -1 -1
337 374 419 -1 -1
231 306 370 -1 -1
299 325 510 -1 -1
299 335 362 -1 -1
299 336 363 -1 -1
264 322 352 -1 -1
264 322 359 -1 -1
264 322 396 -1 -1
264 322 456 -1 -1
264 322 465 -1 -1
264 322 493 -1 -1
299 342 424 -1 -1
299 342 470 -1 -1
299 342 508 -1 -1
231 327 384 -1 -1
264 335 374 -1 -1
299 361 372 -1 -1
299 363 379 -1 -1
231 342 476 -1 -1
299 369 372 -1 -1
199 306 341 -1 -1
299 370 428 -1 -1
231 347 362 -1 -1
299 370 502 -1 -1
299 372 445 -1 -1
231 352 399 -1 -1
299 379 400 -1 -1
299 379 437 -1 -1
231 359 361 -1 -1
299 384 398 -1 -1
299 384 435 -1 -1
231 361 380 -1 -1
231 361 440 -1 -1
231 361 502 -1 -1
231 362 435 -1 -1
231 363 408 -1 -1
299 391 437 -1 -1
231 363 445 -1 -1
299 396 408 -1 -1
299 397 400 -1 -1
231 372 411 -1 -1
299 408 508 -1 -1
231 379 439 -1 -1
231 379 446 -1 -1
231 380 472 -1 -1
338 365 375 -1 -1
299 439 447 -1 -1
299 439 474 -1 -1
299 439 511 -1 -1
231 392 437 -1 -1
231 395 410 -1 -1
231 395 447 -1 -1
231 399 409 -1 -1
231 400 408 -1 -1
231 400 416 -1 -1
338 375 468 -1 -1
338 375 470 -1 -1
231 400 475 -1 -1
338 375 476 -1 -1
338 375 488 -1 -1
231 400 508 -1 -1
231 410 432 -1 -1
231 410 471 -1 -1
231 410 488 -1 -1
338 390 412 -1 -1
231 432 447 -1 -1
231 432 511 -1 -1
231 447 471 -1 -1
231 447 488 -1 -1
231 471 474 -1 -1
231 471 511 -1 -1
231 474 488 -1 -1
231 488 511 -1 -1
199 415 416 -1 -1
300 336 423 -1 -1
300 336 461 -1 -1
300 336 470 -1 -1
300 336 498 -1 -1
300 339 341 -1 -1
300 369 373 -1 -1
300 373 423 -1 -1
300 373 470 -1 -1
300 373 498 -1 -1
265 292 361 -1 -1
265 292 434 -1 -1
265 296 331 -1 -1
232 268 509 -1 -1
232 269 307 -1 -1
265 302 361 -1 -1
265 302 397 -1 -1
265 302 434 -1 -1
232 270 399 -1 -1
232 278 389 -1 -1
265 327 405 -1 -1
265 327 440 -1 -1
232 292 466 -1 -1
265 331 397 -1 -1
232 296 397 -1 -1
232 296 443 -1 -1
265 334 368 -1 -1
232 296 501 -1 -1
232 296 503 -1 -1
232 297 434 -1 -1
265 339 377 -1 -1
265 339 384 -1 -1
265 339 448 -1 -1
232 305 386 -1 -1
232 305 395 -1 -1
232 305 416 -1 -1
232 305 432 -1 -1
232 305 443 -1 -1
232 305 469 -1 -1
232 305 475 -1 -1
232 305 477 -1 -1
301 322 366 -1 -1
301 322 419 -1 -1
200 274 298 -1 -1
200 276 405 -1 -1
265 362 479 -1 -1
301 339 412 -1 -1
232 324 366 -1 -1
232 324 397 -1 -1
232 324 423 -1 -1
232 324 424 -1 -1
232 324 461 -1 -1
232 324 470 -1 -1
232 324 498 -1 -1
232 325 416 -1 -1
232 325 429 -1 -1
232 327 369 -1 -1
232 327 386 -1 -1
232 327 503 -1 -1
232 328 367 -1 -1
232 329 365 -1 -1
232 329 429 -1 -1
232 329 443 -1 -1
232 329 466 -1 -1
232 332 391 -1 -1
232 332 445 -1 -1
232 334 434 -1 -1
232 341 378 -1 -1
232 344 380 -1 -1
232 344 445 -1 -1
265 399 479 -1 -1
340 404 415 -1 -1
265 405 450 -1 -1
301 375 450 -1 -1
265 418 479 -1 -1
232 359 386 -1 -1
232 359 407 -1 -1
232 359 428 -1 -1
232 359 429 -1 -1
232 359 466 -1 -1
232 359 502 -1 -1
232 360 409 -1 -1
232 360 439 -1 -1
232 360 456 -1 -1
232 360 491 -1 -1
232 360 492 -1 -1
232 360 493 -1 -1
232 365 367 -1 -1
232 366 381 -1 -1
232 366 409 -1 -1
232 366 416 -1 -1
232 366 429 -1 -1
232 366 443 -1 -1
232 366 466 -1 -1
232 367 401 -1 -1
232 369 418 -1 -1
232 377 408 -1 -1
232 381 445 -1 -1
232 381 468 -1 -1
232 381 473 -1 -1
232 381 504 -1 -1
232 386 397 -1 -1
232 386 424 -1 -1
232 386 460 -1 -1
232 386 461 -1 -1
232 386 497 -1 -1
232 386 498 -1 -1
232 391 466 -1 -1
232 392 397 -1 -1
232 392 424 -1 -1
232 392 434 -1 -1
232 392 450 -1 -1
232 392 460 -1 -1
232 392 461 -1 -1
232 393 444 -1 -1
232 395 407 -1 -1
232 396 444 -1 -1
232 397 428 -1 -1
232 397 503 -1 -1
232 398 434 -1 -1
232 406 444 -1 -1
232 406 446 -1 -1
232 407 416 -1 -1
232 407 423 -1 -1
232 407 424 -1 -1
232 407 432 -1 -1
232 407 444 -1 -1
232 407 461 -1 -1
232 408 475 -1 -1
232 409 447 -1 -1
232 409 448 -1 -1
232 409 472 -1 -1
232 409 500 -1 -1
232 409 504 -1 -1
232 410 446 -1 -1
232 416 498 -1 -1
232 420 428 -1 -1
232 420 502 -1 -1
232 421 428 -1 -1
232 421 502 -1 -1
232 423 444 -1 -1
232 424 428 -1 -1
232 424 502 -1 -1
232 424 503 -1 -1
232 426 446 -1 -1
232 428 461 -1 -1
232 428 497 -1 -1
232 429 434 -1 -1
232 429 439 -1 -1
232 431 444 -1 -1
232 433 446 -1 -1
232 434 435 -1 -1
232 434 466 -1 -1
232 439 444 -1 -1
232 439 446 -1 -1
232 443 450 -1 -1
232 444 469 -1 -1
232 444 476 -1 -1
232 444 488 -1 -1
232 446 447 -1 -1
232 446 470 -1 -1
232 448 465 -1 -1
232 448 466 -1 -1
232 450 476 -1 -1
232 460 502 -1 -1
232 461 503 -1 -1
232 466 476 -1 -1
266 296 310 -1 -1
232 492 502 -1 -1
232 498 502 -1 -1
232 498 503 -1 -1
233 235 297 -1 -1
266 302 378 -1 -1
201 202 401 -1 -1
201 202 461 -1 -1
342 347 483 -1 -1
266 328 377 -1 -1
342 356 389 -1 -1
342 359 418 -1 -1
342 360 395 -1 -1
342 360 426 -1 -1
342 360 432 -1 -1
342 360 450 -1 -1
342 360 456 -1 -1
342 360 462 -1 -1
342 360 463 -1 -1
342 360 469 -1 -1
342 360 491 -1 -1
342 360 492 -1 -1
342 360 493 -1 -1
342 360 500 -1 -1
342 360 502 -1 -1
342 363 398 -1 -1
342 363 437 -1 -1
342 365 366 -1 -1
342 365 389 -1 -1
342 365 483 -1 -1
342 369 432 -1 -1
342 372 410 -1 -1
342 391 418 -1 -1
342 391 466 -1 -1
342 392 423 -1 -1
342 392 488 -1 -1
342 392 504 -1 -1
342 393 418 -1 -1
342 393 466 -1 -1
342 396 418 -1 -1
342 396 424 -1 -1
342 396 476 -1 -1
342 396 498 -1 -1
201 238 368 -1 -1
342 398 447 -1 -1
201 238 440 -1 -1
201 238 477 -1 -1
342 408 445 -1 -1
342 416 426 -1 -1
342 416 444 -1 -1
342 416 501 -1 -1
342 416 502 -1 -1
342 418 423 -1 -1
342 418 448 -1 -1
342 418 465 -1 -1
342 418 468 -1 -1
342 418 488 -1 -1
342 420 444 -1 -1
342 424 439 -1 -1
342 426 432 -1 -1
342 426 493 -1 -1
342 426 502 -1 -1
342 431 466 -1 -1
342 432 463 -1 -1
342 432 500 -1 -1
342 435 470 -1 -1
342 435 511 -1 -1
342 439 466 -1 -1
342 439 498 -1 -1
342 440 450 -1 -1
342 444 451 -1 -1
342 450 456 -1 -1
342 456 463 -1 -1
342 456 500 -1 -1
342 456 502 -1 -1
342 460 466 -1 -1
342 460 471 -1 -1
233 293 308 -1 -1
342 466 488 -1 -1
342 466 497 -1 -1
342 468 471 -1 -1
342 471 485 -1 -1
342 471 488 -1 -1
342 471 497 -1 -1
342 471 504 -1 -1
342 471 505 -1 -1
342 493 501 -1 -1
342 493 502 -1 -1
342 500 504 -1 -1
342 501 502 -1 -1
342 502 507 -1 -1
233 307 389 -1 -1
343 363 428 -1 -1
343 363 444 -1 -1
343 366 474 -1 -1
267 268 413 -1 -1
267 268 415 -1 -1
343 379 433 -1 -1
343 380 465 -1 -1
343 398 510 -1 -1
343 400 433 -1 -1
343 400 434 -1 -1
343 400 451 -1 -1
233 341 342 -1 -1
343 408 510 -1 -1
343 420 436 -1 -1
343 426 474 -1 -1
343 433 474 -1 -1
343 434 511 -1 -1
343 436 473 -1 -1
343 436 510 -1 -1
343 437 451 -1 -1
343 437 476 -1 -1
343 451 474 -1 -1
343 456 511 -1 -1
343 474 476 -1 -1
343 474 491 -1 -1
343 474 492 -1 -1
343 474 493 -1 -1
343 474 501 -1 -1
343 476 511 -1 -1
343 507 510 -1 -1
344 345 381 -1 -1
303 404 415 -1 -1
267 324 413 -1 -1
304 332 341 -1 -1
267 364 415 -1 -1
267 365 415 -1 -1
304 341 360 -1 -1
304 341 369 -1 -1
304 341 392 -1 -1
304 341 396 -1 -1
304 341 418 -1 -1
304 341 428 -1 -1
304 341 433 -1 -1
304 341 439 -1 -1
304 341 503 -1 -1
202 224 313 -1 -1
267 401 415 -1 -1
267 415 428 -1 -1
267 415 439 -1 -1
267 415 502 -1 -1
268 269 436 -1 -1
268 269 473 -1 -1
268 284 379 -1 -1
305 306 366 -1 -1
305 306 434 -1 -1
305 306 498 -1 -1
268 292 359 -1 -1
268 292 460 -1 -1
268 292 468 -1 -1
268 292 497 -1 -1
268 296 307 -1 -1
268 296 333 -1 -1
268 296 366 -1 -1
268 296 493 -1 -1
268 297 305 -1 -1
234 308 377 -1 -1
268 298 329 -1 -1
268 298 344 -1 -1
268 298 366 -1 -1
268 298 380 -1 -1
268 298 395 -1 -1
268 298 406 -1 -1
268 298 488 -1 -1
268 298 502 -1 -1
268 298 505 -1 -1
268 298 509 -1 -1
268 299 352 -1 -1
268 299 381 -1 -1
305 325 362 -1 -1
305 325 370 -1 -1
305 325 399 -1 -1
268 305 334 -1 -1
268 305 451 -1 -1
268 306 473 -1 -1
305 329 409 -1 -1
305 329 443 -1 -1
305 332 362 -1 -1
305 332 450 -1 -1
305 333 416 -1 -1
305 333 456 -1 -1
305 333 493 -1 -1
305 333 508 -1 -1
305 334 379 -1 -1
305 334 445 -1 -1
202 313 376 -1 -1
268 327 328 -1 -1
268 327 329 -1 -1
268 327 359 -1 -1
268 327 423 -1 -1
268 327 432 -1 -1
268 327 461 -1 -1
268 328 426 -1 -1
268 328 440 -1 -1
268 328 456 -1 -1
268 328 493 -1 -1
268 328 501 -1 -1
268 329 424 -1 -1
268 329 461 -1 -1
268 332 360 -1 -1
268 332 380 -1 -1
268 332 471 -1 -1
268 332 508 -1 -1
305 360 476 -1 -1
268 333 398 -1 -1
268 334 361 -1 -1
305 362 426 -1 -1
268 334 433 -1 -1
305 362 434 -1 -1
305 362 463 -1 -1
268 334 474 -1 -1
305 362 493 -1 -1
305 362 500 -1 -1
268 335 336 -1 -1
268 335 511 -1 -1
305 366 370 -1 -1
305 366 409 -1 -1
305 370 401 -1 -1
305 370 434 -1 -1
305 370 501 -1 -1
305 370 507 -1 -1
268 343 410 -1 -1
268 343 447 -1 -1
268 343 511 -1 -1
305 392 508 -1 -1
268 356 418 -1 -1
268 359 380 -1 -1
268 359 406 -1 -1
268 359 416 -1 -1
305 398 406 -1 -1
268 359 475 -1 -1
268 360 364 -1 -1
305 398 470 -1 -1
268 360 370 -1 -1
268 360 406 -1 -1
268 360 407 -1 -1
305 399 426 -1 -1
305 399 434 -1 -1
268 360 444 -1 -1
305 399 463 -1 -1
305 399 493 -1 -1
305 399 500 -1 -1
268 364 431 -1 -1
268 364 445 -1 -1
268 364 508 -1 -1
347 352 451 -1 -1
347 352 470 -1 -1
347 352 472 -1 -1
305 406 431 -1 -1
268 365 477 -1 -1
305 406 460 -1 -1
305 406 471 -1 -1
305 406 488 -1 -1
305 406 497 -1 -1
305 406 502 -1 -1
305 406 504 -1 -1
305 406 505 -1 -1
268 366 395 -1 -1
268 366 406 -1 -1
268 366 469 -1 -1
305 409 434 -1 -1
305 409 475 -1 -1
305 409 498 -1 -1
268 370 398 -1 -1
268 370 465 -1 -1
268 370 503 -1 -1
268 371 445 -1 -1
347 362 404 -1 -1
305 418 424 -1 -1
305 418 469 -1 -1
305 418 470 -1 -1
305 418 498 -1 -1
305 420 476 -1 -1
268 377 392 -1 -1
268 377 451 -1 -1
305 426 443 -1 -1
268 380 396 -1 -1
305 428 451 -1 -1
268 380 421 -1 -1
268 380 460 -1 -1
268 380 461 -1 -1
268 380 463 -1 -1
268 380 497 -1 -1
268 381 406 -1 -1
268 381 424 -1 -1
268 381 431 -1 -1
268 381 461 -1 -1
268 381 476 -1 -1
305 443 462 -1 -1
305 443 463 -1 -1
305 443 488 -1 -1
305 443 500 -1 -1
268 386 470 -1 -1
305 450 460 -1 -1
305 450 461 -1 -1
305 450 497 -1 -1
268 391 439 -1 -1
268 391 475 -1 -1
268 391 503 -1 -1
268 392 439 -1 -1
268 393 401 -1 -1
305 466 471 -1 -1
268 395 396 -1 -1
268 395 398 -1 -1
268 395 416 -1 -1
268 395 433 -1 -1
268 395 435 -1 -1
268 395 445 -1 -1
268 395 471 -1 -1
268 395 508 -1 -1
268 396 416 -1 -1
268 396 431 -1 -1
268 396 432 -1 -1
268 396 433 -1 -1
268 396 498 -1 -1
268 398 407 -1 -1
305 476 508 -1 -1
268 399 451 -1 -1
268 401 423 -1 -1
268 401 432 -1 -1
268 401 435 -1 -1
268 401 471 -1 -1
268 401 504 -1 -1
268 401 509 -1 -1
268 406 426 -1 -1
268 406 428 -1 -1
268 406 456 -1 -1
268 406 463 -1 -1
268 406 471 -1 -1
268 406 492 -1 -1
268 406 493 -1 -1
268 407 465 -1 -1
268 416 424 -1 -1
268 416 431 -1 -1
268 416 432 -1 -1
268 416 461 -1 -1
347 399 404 -1 -1
268 418 456 -1 -1
268 423 428 -1 -1
268 423 456 -1 -1
268 423 470 -1 -1
268 423 477 -1 -1
268 423 493 -1 -1
268 424 428 -1 -1
268 424 433 -1 -1
268 424 445 -1 -1
268 424 448 -1 -1
268 424 493 -1 -1
268 424 508 -1 -1
268 428 431 -1 -1
268 428 461 -1 -1
268 429 439 -1 -1
268 431 433 -1 -1
268 431 445 -1 -1
268 431 471 -1 -1
268 431 477 -1 -1
268 431 505 -1 -1
268 431 508 -1 -1
268 432 433 -1 -1
268 432 445 -1 -1
268 432 471 -1 -1
268 432 508 -1 -1
268 435 470 -1 -1
268 439 476 -1 -1
268 439 503 -1 -1
268 440 498 -1 -1
347 418 433 -1 -1
268 447 470 -1 -1
268 448 461 -1 -1
268 448 475 -1 -1
268 448 497 -1 -1
268 451 472 -1 -1
268 456 498 -1 -1
268 461 471 -1 -1
268 461 477 -1 -1
268 461 493 -1 -1
268 461 508 -1 -1
268 462 470 -1 -1
306 324 475 -1 -1
268 468 470 -1 -1
306 325 359 -1 -1
306 325 363 -1 -1
306 325 384 -1 -1
268 470 500 -1 -1
268 470 509 -1 -1
268 471 475 -1 -1
268 472 508 -1 -1
268 475 508 -1 -1
268 475 509 -1 -1
306 327 329 -1 -1
268 477 498 -1 -1
306 327 369 -1 -1
268 493 498 -1 -1
306 329 361 -1 -1
306 329 381 -1 -1
306 329 396 -1 -1
306 329 408 -1 -1
306 329 420 -1 -1
306 329 428 -1 -1
306 329 431 -1 -1
306 329 468 -1 -1
306 329 488 -1 -1
306 329 497 -1 -1
306 329 504 -1 -1
306 329 505 -1 -1
306 331 405 -1 -1
306 332 344 -1 -1
306 332 446 -1 -1
306 338 412 -1 -1
269 276 353 -1 -1
306 344 369 -1 -1
306 344 418 -1 -1
306 344 429 -1 -1
306 356 404 -1 -1
306 359 396 -1 -1
306 359 407 -1 -1
306 360 434 -1 -1
306 361 406 -1 -1
306 361 424 -1 -1
306 361 434 -1 -1
306 361 469 -1 -1
306 361 498 -1 -1
269 292 434 -1 -1
306 366 426 -1 -1
306 366 434 -1 -1
306 366 444 -1 -1
306 366 451 -1 -1
306 366 463 -1 -1
306 366 469 -1 -1
306 366 491 -1 -1
306 366 492 -1 -1
306 366 493 -1 -1
306 366 500 -1 -1
306 367 483 -1 -1
306 369 409 -1 -1
269 296 451 -1 -1
269 298 363 -1 -1
269 299 367 -1 -1
306 377 407 -1 -1
306 381 424 -1 -1
306 381 448 -1 -1
306 381 460 -1 -1
306 381 461 -1 -1
306 381 497 -1 -1
306 381 498 -1 -1
269 305 366 -1 -1
269 305 397 -1 -1
269 305 434 -1 -1
269 305 450 -1 -1
269 305 498 -1 -1
269 306 307 -1 -1
306 386 409 -1 -1
306 386 429 -1 -1
306 386 466 -1 -1
269 307 335 -1 -1
306 391 407 -1 -1
306 391 409 -1 -1
306 391 429 -1 -1
306 391 466 -1 -1
306 392 446 -1 -1
306 393 424 -1 -1
306 396 433 -1 -1
306 396 440 -1 -1
306 396 451 -1 -1
306 401 440 -1 -1
306 404 482 -1 -1
306 404 483 -1 -1
306 406 472 -1 -1
306 406 476 -1 -1
306 406 502 -1 -1
306 406 507 -1 -1
306 407 410 -1 -1
306 407 431 -1 -1
306 407 447 -1 -1
306 407 462 -1 -1
306 407 463 -1 -1
306 407 465 -1 -1
306 407 468 -1 -1
306 407 469 -1 -1
306 407 472 -1 -1
306 407 485 -1 -1
306 407 488 -1 -1
306 407 500 -1 -1
306 407 505 -1 -1
306 409 465 -1 -1
306 410 424 -1 -1
306 410 428 -1 -1
306 410 461 -1 -1
306 410 498 -1 -1
306 416 423 -1 -1
306 416 426 -1 -1
306 416 475 -1 -1
306 416 488 -1 -1
306 416 501 -1 -1
306 416 504 -1 -1
306 416 505 -1 -1
306 423 428 -1 -1
306 423 444 -1 -1
306 423 456 -1 -1
306 423 463 -1 -1
306 423 477 -1 -1
306 423 493 -1 -1
306 423 500 -1 -1
306 423 507 -1 -1
306 424 447 -1 -1
306 424 468 -1 -1
306 424 488 -1 -1
306 424 505 -1 -1
306 424 507 -1 -1
306 428 447 -1 -1
306 428 450 -1 -1
306 428 469 -1 -1
306 428 472 -1 -1
306 428 488 -1 -1
306 429 465 -1 -1
306 429 503 -1 -1
306 433 440 -1 -1
306 433 450 -1 -1
306 433 451 -1 -1
306 434 444 -1 -1
306 434 456 -1 -1
306 434 476 -1 -1
306 434 493 -1 -1
306 434 508 -1 -1
306 439 440 -1 -1
306 440 450 -1 -1
269 324 381 -1 -1
306 443 476 -1 -1
269 324 424 -1 -1
269 324 431 -1 -1
306 444 451 -1 -1
306 444 476 -1 -1
269 324 468 -1 -1
269 324 475 -1 -1
269 325 363 -1 -1
306 447 461 -1 -1
306 447 498 -1 -1
306 450 451 -1 -1
269 327 369 -1 -1
306 456 469 -1 -1
306 456 476 -1 -1
306 456 502 -1 -1
306 456 504 -1 -1
306 461 468 -1 -1
306 461 488 -1 -1
306 461 505 -1 -1
306 461 507 -1 -1
306 465 466 -1 -1
269 329 361 -1 -1
269 329 392 -1 -1
269 329 408 -1 -1
306 466 503 -1 -1
269 329 416 -1 -1
269 329 428 -1 -1
306 468 498 -1 -1
306 469 477 -1 -1
306 469 493 -1 -1
306 470 476 -1 -1
306 470 502 -1 -1
306 476 493 -1 -1
306 477 502 -1 -1
269 332 446 -1 -1
306 488 498 -1 -1
306 492 502 -1 -1
306 498 505 -1 -1
306 498 507 -1 -1
269 335 384 -1 -1
269 344 476 -1 -1
269 360 450 -1 -1
269 361 424 -1 -1
269 361 469 -1 -1
269 361 470 -1 -1
269 361 498 -1 -1
269 361 504 -1 -1
269 361 505 -1 -1
269 366 386 -1 -1
269 366 397 -1 -1
269 366 444 -1 -1
269 366 462 -1 -1
269 366 463 -1 -1
269 366 500 -1 -1
269 366 501 -1 -1
269 369 409 -1 -1
269 377 407 -1 -1
269 381 451 -1 -1
269 381 471 -1 -1
269 386 424 -1 -1
269 386 431 -1 -1
269 386 475 -1 -1
269 386 498 -1 -1
269 389 390 -1 -1
269 391 446 -1 -1
269 392 395 -1 -1
269 392 423 -1 -1
269 392 432 -1 -1
269 392 450 -1 -1
269 392 461 -1 -1
269 392 469 -1 -1
269 393 406 -1 -1
269 395 408 -1 -1
269 395 426 -1 -1
269 395 463 -1 -1
269 395 500 -1 -1
269 395 501 -1 -1
269 395 502 -1 -1
269 396 446 -1 -1
269 397 426 -1 -1
269 397 428 -1 -1
269 397 462 -1 -1
269 397 463 -1 -1
269 397 500 -1 -1
269 397 501 -1 -1
269 397 502 -1 -1
269 406 407 -1 -1
269 406 428 -1 -1
269 406 432 -1 -1
269 406 440 -1 -1
269 406 472 -1 -1
269 406 488 -1 -1
269 406 505 -1 -1
269 407 410 -1 -1
269 407 420 -1 -1
269 407 428 -1 -1
269 407 431 -1 -1
269 407 447 -1 -1
269 407 468 -1 -1
269 407 472 -1 -1
269 407 488 -1 -1
269 407 505 -1 -1
269 408 470 -1 -1
269 409 440 -1 -1
269 409 456 -1 -1
269 409 465 -1 -1
269 409 470 -1 -1
269 409 477 -1 -1
269 409 493 -1 -1
269 410 446 -1 -1
269 416 423 -1 -1
269 416 426 -1 -1
269 416 456 -1 -1
269 416 462 -1 -1
269 416 491 -1 -1
269 416 492 -1 -1
269 416 493 -1 -1
269 416 501 -1 -1
269 418 448 -1 -1
269 423 463 -1 -1
269 423 500 -1 -1
269 423 502 -1 -1
269 424 428 -1 -1
269 424 443 -1 -1
269 424 502 -1 -1
269 426 432 -1 -1
269 426 434 -1 -1
269 426 469 -1 -1
269 426 476 -1 -1
269 428 498 -1 -1
269 431 462 -1 -1
269 431 463 -1 -1
269 431 500 -1 -1
269 432 463 -1 -1
269 432 500 -1 -1
269 432 501 -1 -1
269 432 502 -1 -1
269 434 439 -1 -1
269 434 444 -1 -1
269 434 463 -1 -1
269 439 451 -1 -1
269 440 503 -1 -1
269 443 469 -1 -1
269 444 451 -1 -1
269 444 476 -1 -1
269 446 447 -1 -1
269 446 451 -1 -1
269 446 477 -1 -1
269 446 488 -1 -1
269 451 503 -1 -1
269 461 502 -1 -1
269 462 468 -1 -1
269 462 476 -1 -1
269 463 468 -1 -1
269 463 469 -1 -1
269 463 476 -1 -1
269 468 500 -1 -1
269 469 500 -1 -1
269 469 501 -1 -1
269 470 503 -1 -1
269 476 500 -1 -1
269 476 501 -1 -1
269 498 502 -1 -1
269 500 504 -1 -1
270 278 308 -1 -1
204 214 345 -1 -1
270 306 380 -1 -1
204 224 366 -1 -1
204 225 296 -1 -1
204 225 334 -1 -1
136 137 440 -1 -1
204 229 339 -1 -1
236 265 274 -1 -1
236 267 302 -1 -1
236 267 323 -1 -1
236 267 428 -1 -1
236 267 456 -1 -1
236 267 491 -1 -1
236 267 492 -1 -1
236 267 493 -1 -1
236 267 502 -1 -1
236 274 445 -1 -1
236 274 466 -1 -1
204 267 284 -1 -1
204 267 306 -1 -1
204 267 447 -1 -1
204 269 283 -1 -1
308 381 386 -1 -1
236 303 441 -1 -1
236 303 477 -1 -1
236 303 483 -1 -1
236 304 399 -1 -1
204 288 439 -1 -1
204 315 437 -1 -1
204 329 331 -1 -1
204 329 368 -1 -1
236 341 356 -1 -1
236 341 369 -1 -1
204 330 483 -1 -1
236 341 451 -1 -1
236 341 501 -1 -1
204 331 440 -1 -1
204 331 498 -1 -1
236 359 415 -1 -1
204 366 368 -1 -1
204 368 451 -1 -1
204 368 471 -1 -1
204 369 442 -1 -1
204 370 442 -1 -1
204 401 478 -1 -1
204 405 451 -1 -1
204 407 479 -1 -1
236 415 437 -1 -1
204 423 479 -1 -1
204 424 479 -1 -1
204 428 442 -1 -1
170 265 359 -1 -1
204 442 502 -1 -1
204 461 479 -1 -1
204 475 478 -1 -1
204 478 482 -1 -1
170 312 340 -1 -1
310 340 442 -1 -1
237 288 441 -1 -1
170 367 415 -1 -1
310 370 414 -1 -1
237 313 349 -1 -1
237 330 421 -1 -1
237 330 509 -1 -1
237 348 360 -1 -1
237 348 471 -1 -1
237 364 376 -1 -1
137 174 233 -1 -1
237 376 392 -1 -1
237 376 410 -1 -1
237 376 429 -1 -1
237 376 466 -1 -1
237 376 503 -1 -1
272 334 383 -1 -1
238 247 283 -1 -1
238 250 441 -1 -1
238 265 400 -1 -1
238 265 474 -1 -1
238 266 473 -1 -1
238 292 332 -1 -1
238 292 443 -1 -1
238 292 472 -1 -1
238 299 469 -1 -1
312 337 339 -1 -1
238 309 346 -1 -1
273 284 312 -1 -1
238 315 363 -1 -1
238 315 474 -1 -1
238 323 338 -1 -1
238 325 379 -1 -1
238 328 369 -1 -1
238 328 397 -1 -1
238 328 456 -1 -1
238 328 470 -1 -1
238 328 491 -1 -1
238 328 492 -1 -1
238 328 493 -1 -1
238 331 441 -1 -1
238 333 362 -1 -1
238 342 389 -1 -1
238 343 404 -1 -1
238 370 409 -1 -1
238 384 389 -1 -1
238 389 399 -1 -1
238 391 413 -1 -1
238 392 413 -1 -1
238 392 482 -1 -1
238 397 404 -1 -1
238 403 408 -1 -1
238 403 476 -1 -1
238 404 416 -1 -1
273 329 336 -1 -1
238 407 482 -1 -1
238 407 483 -1 -1
238 413 419 -1 -1
273 335 341 -1 -1
273 336 366 -1 -1
238 444 482 -1 -1
273 341 414 -1 -1
238 476 482 -1 -1
238 483 502 -1 -1
273 368 374 -1 -1
273 415 428 -1 -1
273 415 429 -1 -1
273 415 443 -1 -1
172 229 412 -1 -1
207 230 400 -1 -1
207 230 474 -1 -1
207 230 511 -1 -1
239 313 376 -1 -1
207 238 244 -1 -1
207 238 398 -1 -1
207 244 352 -1 -1
172 250 297 -1 -1
274 307 442 -1 -1
105 179 384 -1 -1
105 179 421 -1 -1
105 179 509 -1 -1
207 281 389 -1 -1
207 281 483 -1 -1
207 296 301 -1 -1
207 301 352 -1 -1
207 301 393 -1 -1
207 301 418 -1 -1
207 301 423 -1 -1
207 301 431 -1 -1
207 301 482 -1 -1
207 301 488 -1 -1
207 301 502 -1 -1
207 301 504 -1 -1
207 301 505 -1 -1
