388 -1 -1 -1 -1
391 -1 -1 -1 -1
393 -1 -1 -1 -1
416 -1 -1 -1 -1
430 -1 -1 -1 -1
455 -1 -1 -1 -1
458 -1 -1 -1 -1
459 -1 -1 -1 -1
464 -1 -1 -1 -1
467 -1 -1 -1 -1
480 -1 -1 -1 -1
484 -1 -1 -1 -1
485 -1 -1 -1 -1
489 -1 -1 -1 -1
490 -1 -1 -1 -1
492 -1 -1 -1 -1
494 -1 -1 -1 -1
495 -1 -1 -1 -1
496 -1 -1 -1 -1
497 -1 -1 -1 -1
499 -1 -1 -1 -1
487 488 -1 -1 -1
488 504 -1 -1 -1
491 493 -1 -1 -1
493 501 -1 -1 -1
493 507 -1 -1 -1
493 509 -1 -1 -1
501 502 -1 -1 -1
506 508 -1 -1 -1
394 431 -1 -1 -1
394 468 -1 -1 -1
395 396 -1 -1 -1
395 432 -1 -1 -1
396 433 -1 -1 -1
396 457 -1 -1 -1
396 469 -1 -1 -1
396 487 -1 -1 -1
396 488 -1 -1 -1
396 504 -1 -1 -1
397 406 -1 -1 -1
448 457 -1 -1 -1
448 487 -1 -1 -1
448 488 -1 -1 -1
448 502 -1 -1 -1
448 504 -1 -1 -1
452 468 -1 -1 -1
421 425 -1 -1 -1
421 426 -1 -1 -1
421 462 -1 -1 -1
421 463 -1 -1 -1
456 491 -1 -1 -1
456 493 -1 -1 -1
456 501 -1 -1 -1
456 507 -1 -1 -1
456 509 -1 -1 -1
457 465 -1 -1 -1
457 488 -1 -1 -1
460 461 -1 -1 -1
460 498 -1 -1 -1
461 470 -1 -1 -1
461 498 -1 -1 -1
359 396 -1 -1 -1
359 397 -1 -1 -1
359 407 -1 -1 -1
462 463 -1 -1 -1
462 500 -1 -1 -1
400 437 -1 -1 -1
359 448 -1 -1 -1
463 500 -1 -1 -1
465 487 -1 -1 -1
465 488 -1 -1 -1
465 502 -1 -1 -1
465 504 -1 -1 -1
401 428 -1 -1 -1
360 457 -1 -1 -1
468 505 -1 -1 -1
360 487 -1 -1 -1
360 488 -1 -1 -1
360 504 -1 -1 -1
360 509 -1 -1 -1
361 362 -1 -1 -1
361 384 -1 -1 -1
423 443 -1 -1 -1
423 461 -1 -1 -1
423 498 -1 -1 -1
424 461 -1 -1 -1
424 498 -1 -1 -1
425 426 -1 -1 -1
425 463 -1 -1 -1
425 500 -1 -1 -1
426 462 -1 -1 -1
426 463 -1 -1 -1
363 437 -1 -1 -1
406 471 -1 -1 -1
364 428 -1 -1 -1
406 508 -1 -1 -1
364 432 -1 -1 -1
364 452 -1 -1 -1
407 433 -1 -1 -1
364 487 -1 -1 -1
364 488 -1 -1 -1
364 502 -1 -1 -1
407 465 -1 -1 -1
407 488 -1 -1 -1
409 431 -1 -1 -1
409 468 -1 -1 -1
409 504 -1 -1 -1
426 500 -1 -1 -1
327 403 -1 -1 -1
328 364 -1 -1 -1
428 503 -1 -1 -1
429 438 -1 -1 -1
429 466 -1 -1 -1
429 475 -1 -1 -1
429 502 -1 -1 -1
431 452 -1 -1 -1
431 468 -1 -1 -1
431 505 -1 -1 -1
432 456 -1 -1 -1
432 469 -1 -1 -1
432 491 -1 -1 -1
432 493 -1 -1 -1
432 501 -1 -1 -1
432 506 -1 -1 -1
432 507 -1 -1 -1
433 434 -1 -1 -1
433 470 -1 -1 -1
435 509 -1 -1 -1
380 423 -1 -1 -1
438 466 -1 -1 -1
380 460 -1 -1 -1
380 501 -1 -1 -1
381 437 -1 -1 -1
300 441 -1 -1 -1
334 473 -1 -1 -1
443 460 -1 -1 -1
444 503 -1 -1 -1
445 476 -1 -1 -1
446 474 -1 -1 -1
264 301 -1 -1 -1
305 429 -1 -1 -1
203 240 -1 -1 -1
269 270 -1 -1 -1
384 389 483 -1 -1
384 395 426 -1 -1
384 395 463 -1 -1
384 395 472 -1 -1
352 365 392 -1 -1
352 365 401 -1 -1
487 488 504 -1 -1
384 397 473 -1 -1
384 398 426 -1 -1
384 398 432 -1 -1
488 491 504 -1 -1
384 398 500 -1 -1
384 399 427 -1 -1
448 452 468 -1 -1
448 452 504 -1 -1
448 457 487 -1 -1
448 457 491 -1 -1
448 457 502 -1 -1
448 457 504 -1 -1
448 457 506 -1 -1
448 460 498 -1 -1
448 461 471 -1 -1
448 461 507 -1 -1
448 461 508 -1 -1
448 462 500 -1 -1
448 463 500 -1 -1
448 469 470 -1 -1
448 469 498 -1 -1
448 471 476 -1 -1
384 407 436 -1 -1
448 476 508 -1 -1
491 493 501 -1 -1
491 493 507 -1 -1
491 493 509 -1 -1
491 498 508 -1 -1
491 501 507 -1 -1
491 501 509 -1 -1
491 506 508 -1 -1
491 507 509 -1 -1
493 498 508 -1 -1
493 501 504 -1 -1
493 501 507 -1 -1
493 501 509 -1 -1
493 502 503 -1 -1
493 504 509 -1 -1
493 506 507 -1 -1
493 507 509 -1 -1
498 501 508 -1 -1
498 507 508 -1 -1
501 506 507 -1 -1
501 506 508 -1 -1
501 507 509 -1 -1
506 507 509 -1 -1
506 508 509 -1 -1
448 478 483 -1 -1
448 487 491 -1 -1
448 487 502 -1 -1
448 487 504 -1 -1
448 487 506 -1 -1
448 488 491 -1 -1
448 488 506 -1 -1
448 491 504 -1 -1
448 498 507 -1 -1
448 501 502 -1 -1
448 502 504 -1 -1
448 504 506 -1 -1
384 419 441 -1 -1
384 420 432 -1 -1
384 420 440 -1 -1
384 420 456 -1 -1
384 420 469 -1 -1
384 420 493 -1 -1
384 425 472 -1 -1
384 426 472 -1 -1
384 428 435 -1 -1
384 432 436 -1 -1
418 423 444 -1 -1
418 424 427 -1 -1
418 424 444 -1 -1
352 389 452 -1 -1
418 424 501 -1 -1
384 435 487 -1 -1
384 435 488 -1 -1
384 436 456 -1 -1
384 436 493 -1 -1
418 427 461 -1 -1
418 429 434 -1 -1
418 429 477 -1 -1
418 432 466 -1 -1
418 432 501 -1 -1
418 434 448 -1 -1
384 448 510 -1 -1
418 434 501 -1 -1
418 438 503 -1 -1
418 444 460 -1 -1
418 448 471 -1 -1
418 448 477 -1 -1
418 448 507 -1 -1
418 448 508 -1 -1
384 461 506 -1 -1
384 462 472 -1 -1
418 451 468 -1 -1
384 463 472 -1 -1
418 451 504 -1 -1
418 461 501 -1 -1
418 465 477 -1 -1
418 470 501 -1 -1
418 476 503 -1 -1
418 477 501 -1 -1
418 498 501 -1 -1
450 466 498 -1 -1
384 487 510 -1 -1
384 488 510 -1 -1
384 504 510 -1 -1
451 453 466 -1 -1
419 433 483 -1 -1
420 434 443 -1 -1
452 460 476 -1 -1
452 462 468 -1 -1
452 465 468 -1 -1
452 465 504 -1 -1
452 468 491 -1 -1
452 482 483 -1 -1
452 487 504 -1 -1
452 488 504 -1 -1
453 462 468 -1 -1
453 463 468 -1 -1
320 377 437 -1 -1
456 457 493 -1 -1
456 457 501 -1 -1
421 423 424 -1 -1
421 424 460 -1 -1
421 425 427 -1 -1
421 425 432 -1 -1
421 425 457 -1 -1
421 425 462 -1 -1
421 425 504 -1 -1
421 426 457 -1 -1
421 426 487 -1 -1
421 426 502 -1 -1
421 426 504 -1 -1
421 432 462 -1 -1
421 432 463 -1 -1
421 432 500 -1 -1
421 433 443 -1 -1
421 434 443 -1 -1
456 461 508 -1 -1
456 465 493 -1 -1
456 469 470 -1 -1
456 470 498 -1 -1
456 471 506 -1 -1
456 471 508 -1 -1
456 477 482 -1 -1
456 491 501 -1 -1
456 491 507 -1 -1
456 491 509 -1 -1
456 493 504 -1 -1
456 498 508 -1 -1
456 501 504 -1 -1
456 501 507 -1 -1
456 501 509 -1 -1
456 502 503 -1 -1
456 504 509 -1 -1
456 506 507 -1 -1
456 507 509 -1 -1
457 461 470 -1 -1
457 462 463 -1 -1
421 443 476 -1 -1
421 456 500 -1 -1
421 457 462 -1 -1
421 457 463 -1 -1
421 462 504 -1 -1
421 463 504 -1 -1
457 465 487 -1 -1
457 465 502 -1 -1
457 465 504 -1 -1
421 470 508 -1 -1
457 468 505 -1 -1
421 472 509 -1 -1
421 478 482 -1 -1
457 476 498 -1 -1
421 493 500 -1 -1
457 487 488 -1 -1
457 488 504 -1 -1
457 493 501 -1 -1
460 461 465 -1 -1
460 461 491 -1 -1
460 461 501 -1 -1
460 461 507 -1 -1
460 470 476 -1 -1
460 476 488 -1 -1
460 476 501 -1 -1
386 387 396 -1 -1
386 387 397 -1 -1
386 387 424 -1 -1
386 387 461 -1 -1
386 387 498 -1 -1
386 387 507 -1 -1
461 462 498 -1 -1
461 465 488 -1 -1
461 469 507 -1 -1
461 470 487 -1 -1
461 470 491 -1 -1
461 470 501 -1 -1
461 470 504 -1 -1
461 470 506 -1 -1
461 471 488 -1 -1
461 471 501 -1 -1
461 476 509 -1 -1
461 491 498 -1 -1
461 493 508 -1 -1
461 498 501 -1 -1
461 498 507 -1 -1
461 498 509 -1 -1
461 506 509 -1 -1
462 463 487 -1 -1
462 463 491 -1 -1
462 463 501 -1 -1
462 463 504 -1 -1
463 469 509 -1 -1
463 470 471 -1 -1
463 470 508 -1 -1
353 400 412 -1 -1
463 478 482 -1 -1
463 491 500 -1 -1
465 468 505 -1 -1
423 424 426 -1 -1
423 424 463 -1 -1
423 424 500 -1 -1
423 427 476 -1 -1
465 471 498 -1 -1
423 428 438 -1 -1
465 471 506 -1 -1
423 429 475 -1 -1
465 475 503 -1 -1
423 432 456 -1 -1
423 432 465 -1 -1
423 432 493 -1 -1
423 432 501 -1 -1
423 433 470 -1 -1
465 487 504 -1 -1
465 491 502 -1 -1
465 491 504 -1 -1
465 501 502 -1 -1
465 502 507 -1 -1
465 502 509 -1 -1
465 506 508 -1 -1
466 470 502 -1 -1
466 475 487 -1 -1
466 475 488 -1 -1
423 440 453 -1 -1
423 443 457 -1 -1
423 443 466 -1 -1
423 443 487 -1 -1
423 443 504 -1 -1
353 412 511 -1 -1
466 502 504 -1 -1
423 448 498 -1 -1
423 452 476 -1 -1
468 491 505 -1 -1
423 460 461 -1 -1
423 460 498 -1 -1
468 504 505 -1 -1
423 461 465 -1 -1
423 461 491 -1 -1
423 461 501 -1 -1
423 461 507 -1 -1
469 470 493 -1 -1
423 470 476 -1 -1
423 476 488 -1 -1
423 476 501 -1 -1
424 426 460 -1 -1
424 426 465 -1 -1
424 426 470 -1 -1
424 431 445 -1 -1
469 498 508 -1 -1
470 475 502 -1 -1
470 476 498 -1 -1
470 493 498 -1 -1
470 500 508 -1 -1
424 443 466 -1 -1
424 445 504 -1 -1
471 476 488 -1 -1
471 476 501 -1 -1
471 493 506 -1 -1
471 493 508 -1 -1
471 498 509 -1 -1
471 501 506 -1 -1
471 504 508 -1 -1
471 506 509 -1 -1
424 448 469 -1 -1
424 448 498 -1 -1
424 452 476 -1 -1
424 460 463 -1 -1
424 460 500 -1 -1
424 470 476 -1 -1
424 476 507 -1 -1
425 426 432 -1 -1
425 426 457 -1 -1
425 426 462 -1 -1
425 426 491 -1 -1
425 426 501 -1 -1
425 426 504 -1 -1
425 426 507 -1 -1
425 426 509 -1 -1
425 427 463 -1 -1
425 427 500 -1 -1
425 432 463 -1 -1
425 432 500 -1 -1
476 477 498 -1 -1
476 487 498 -1 -1
476 488 498 -1 -1
476 498 507 -1 -1
477 482 493 -1 -1
478 483 487 -1 -1
478 483 488 -1 -1
478 483 504 -1 -1
425 444 503 -1 -1
425 445 476 -1 -1
425 448 500 -1 -1
425 452 468 -1 -1
425 453 468 -1 -1
425 457 463 -1 -1
425 461 498 -1 -1
425 462 463 -1 -1
425 462 500 -1 -1
425 463 487 -1 -1
425 463 491 -1 -1
425 463 501 -1 -1
425 463 504 -1 -1
426 432 462 -1 -1
426 432 463 -1 -1
426 432 500 -1 -1
426 433 443 -1 -1
426 434 443 -1 -1
389 390 448 -1 -1
426 457 462 -1 -1
426 457 463 -1 -1
426 457 500 -1 -1
426 462 491 -1 -1
426 462 501 -1 -1
426 462 504 -1 -1
426 462 507 -1 -1
426 462 509 -1 -1
426 463 487 -1 -1
426 463 504 -1 -1
426 469 509 -1 -1
389 404 419 -1 -1
426 478 482 -1 -1
426 487 500 -1 -1
426 491 500 -1 -1
426 500 501 -1 -1
427 428 448 -1 -1
427 428 465 -1 -1
427 428 488 -1 -1
427 429 438 -1 -1
427 429 475 -1 -1
427 429 503 -1 -1
427 432 488 -1 -1
427 438 466 -1 -1
389 420 483 -1 -1
427 445 450 -1 -1
427 445 476 -1 -1
427 446 474 -1 -1
427 448 475 -1 -1
427 448 502 -1 -1
427 456 488 -1 -1
427 456 501 -1 -1
427 457 502 -1 -1
427 460 476 -1 -1
427 462 463 -1 -1
427 466 475 -1 -1
427 476 498 -1 -1
427 478 483 -1 -1
427 487 502 -1 -1
427 488 493 -1 -1
427 488 502 -1 -1
427 493 501 -1 -1
428 429 456 -1 -1
428 429 470 -1 -1
428 429 493 -1 -1
428 429 502 -1 -1
428 432 465 -1 -1
428 437 511 -1 -1
428 438 452 -1 -1
428 438 460 -1 -1
428 438 488 -1 -1
428 438 509 -1 -1
428 444 445 -1 -1
428 448 456 -1 -1
389 472 483 -1 -1
428 448 465 -1 -1
428 448 491 -1 -1
428 448 493 -1 -1
428 448 506 -1 -1
428 456 465 -1 -1
428 456 466 -1 -1
428 456 501 -1 -1
428 461 466 -1 -1
428 465 493 -1 -1
428 466 493 -1 -1
428 466 502 -1 -1
390 394 483 -1 -1
428 474 511 -1 -1
428 475 487 -1 -1
428 475 488 -1 -1
428 475 502 -1 -1
428 477 500 -1 -1
428 487 503 -1 -1
428 491 501 -1 -1
428 491 503 -1 -1
428 493 501 -1 -1
428 501 509 -1 -1
428 503 504 -1 -1
428 503 507 -1 -1
428 503 509 -1 -1
429 432 444 -1 -1
429 432 466 -1 -1
429 432 503 -1 -1
390 403 419 -1 -1
429 438 487 -1 -1
429 438 491 -1 -1
429 444 456 -1 -1
429 444 493 -1 -1
429 446 511 -1 -1
429 448 466 -1 -1
390 414 438 -1 -1
390 414 475 -1 -1
390 414 503 -1 -1
429 452 475 -1 -1
390 419 445 -1 -1
429 456 503 -1 -1
429 457 475 -1 -1
429 457 502 -1 -1
429 460 475 -1 -1
322 323 423 -1 -1
429 465 466 -1 -1
429 475 491 -1 -1
429 475 501 -1 -1
429 475 509 -1 -1
429 491 502 -1 -1
429 493 503 -1 -1
429 501 503 -1 -1
429 502 507 -1 -1
431 432 452 -1 -1
431 434 445 -1 -1
322 323 452 -1 -1
322 323 460 -1 -1
322 323 488 -1 -1
322 323 509 -1 -1
431 440 452 -1 -1
431 440 482 -1 -1
431 440 500 -1 -1
431 448 452 -1 -1
431 448 468 -1 -1
431 452 465 -1 -1
431 457 505 -1 -1
322 327 445 -1 -1
322 328 441 -1 -1
431 468 491 -1 -1
431 504 505 -1 -1
432 433 470 -1 -1
432 434 461 -1 -1
432 434 498 -1 -1
322 332 409 -1 -1
322 333 477 -1 -1
432 442 479 -1 -1
392 396 428 -1 -1
392 397 418 -1 -1
432 452 504 -1 -1
432 456 457 -1 -1
432 456 460 -1 -1
432 456 487 -1 -1
432 456 493 -1 -1
432 456 504 -1 -1
432 457 469 -1 -1
432 457 470 -1 -1
432 457 491 -1 -1
432 457 493 -1 -1
432 457 501 -1 -1
432 457 506 -1 -1
432 457 507 -1 -1
432 460 465 -1 -1
432 460 493 -1 -1
432 460 501 -1 -1
432 461 498 -1 -1
432 462 463 -1 -1
432 462 500 -1 -1
432 465 487 -1 -1
432 465 488 -1 -1
432 465 502 -1 -1
432 465 504 -1 -1
392 401 476 -1 -1
432 469 491 -1 -1
432 469 501 -1 -1
432 469 504 -1 -1
432 469 507 -1 -1
432 470 487 -1 -1
432 470 488 -1 -1
432 470 504 -1 -1
432 471 498 -1 -1
432 471 508 -1 -1
432 477 482 -1 -1
432 487 493 -1 -1
432 487 501 -1 -1
432 488 509 -1 -1
432 491 501 -1 -1
432 491 504 -1 -1
432 491 506 -1 -1
432 491 507 -1 -1
432 493 504 -1 -1
432 498 508 -1 -1
432 501 504 -1 -1
432 501 506 -1 -1
432 504 506 -1 -1
432 504 507 -1 -1
432 504 509 -1 -1
432 506 507 -1 -1
433 434 457 -1 -1
433 434 469 -1 -1
433 434 487 -1 -1
433 434 491 -1 -1
433 434 504 -1 -1
433 445 476 -1 -1
433 448 456 -1 -1
433 448 491 -1 -1
433 448 493 -1 -1
433 448 507 -1 -1
392 418 424 -1 -1
392 418 476 -1 -1
433 457 507 -1 -1
433 460 470 -1 -1
433 465 507 -1 -1
392 427 429 -1 -1
392 428 488 -1 -1
392 432 502 -1 -1
322 353 437 -1 -1
433 487 507 -1 -1
433 488 507 -1 -1
392 438 456 -1 -1
392 438 465 -1 -1
392 438 491 -1 -1
392 438 493 -1 -1
392 438 507 -1 -1
433 504 507 -1 -1
392 444 470 -1 -1
392 444 498 -1 -1
322 361 406 -1 -1
322 363 381 -1 -1
434 435 471 -1 -1
322 364 396 -1 -1
322 364 421 -1 -1
322 364 500 -1 -1
434 440 453 -1 -1
434 443 500 -1 -1
434 443 507 -1 -1
434 445 468 -1 -1
434 445 505 -1 -1
434 448 461 -1 -1
434 448 498 -1 -1
434 465 498 -1 -1
434 465 506 -1 -1
434 471 472 -1 -1
434 471 487 -1 -1
434 471 488 -1 -1
434 471 504 -1 -1
434 472 508 -1 -1
434 476 488 -1 -1
434 476 501 -1 -1
434 476 507 -1 -1
434 488 508 -1 -1
434 501 508 -1 -1
434 504 508 -1 -1
435 436 437 -1 -1
392 450 461 -1 -1
392 456 475 -1 -1
392 461 502 -1 -1
392 465 475 -1 -1
392 475 491 -1 -1
392 475 493 -1 -1
392 475 507 -1 -1
392 476 502 -1 -1
394 397 452 -1 -1
435 457 509 -1 -1
356 357 461 -1 -1
394 403 448 -1 -1
394 403 461 -1 -1
394 403 470 -1 -1
394 403 507 -1 -1
435 491 509 -1 -1
435 501 509 -1 -1
435 507 509 -1 -1
435 510 511 -1 -1
322 377 408 -1 -1
394 407 409 -1 -1
394 407 452 -1 -1
394 407 505 -1 -1
394 409 432 -1 -1
322 380 408 -1 -1
322 380 434 -1 -1
437 438 446 -1 -1
394 431 432 -1 -1
394 431 448 -1 -1
394 431 457 -1 -1
394 431 465 -1 -1
322 395 426 -1 -1
394 431 504 -1 -1
394 432 468 -1 -1
322 395 500 -1 -1
322 396 427 -1 -1
322 396 503 -1 -1
394 434 445 -1 -1
394 440 470 -1 -1
394 440 507 -1 -1
394 443 445 -1 -1
394 448 468 -1 -1
438 444 456 -1 -1
438 444 465 -1 -1
438 444 493 -1 -1
438 444 507 -1 -1
438 445 476 -1 -1
322 404 483 -1 -1
438 446 511 -1 -1
438 448 465 -1 -1
394 457 468 -1 -1
394 465 468 -1 -1
438 456 503 -1 -1
394 468 491 -1 -1
438 457 466 -1 -1
394 468 504 -1 -1
356 373 384 -1 -1
438 466 487 -1 -1
438 466 509 -1 -1
438 470 502 -1 -1
438 470 503 -1 -1
395 396 457 -1 -1
395 396 469 -1 -1
395 396 470 -1 -1
395 396 491 -1 -1
395 396 501 -1 -1
395 396 506 -1 -1
395 396 507 -1 -1
395 397 427 -1 -1
322 418 426 -1 -1
322 418 500 -1 -1
322 420 448 -1 -1
438 475 476 -1 -1
322 421 444 -1 -1
438 493 503 -1 -1
438 503 507 -1 -1
322 423 465 -1 -1
439 440 443 -1 -1
322 424 466 -1 -1
322 425 443 -1 -1
322 426 469 -1 -1
322 426 476 -1 -1
322 428 448 -1 -1
322 429 487 -1 -1
322 429 488 -1 -1
322 432 448 -1 -1
322 432 466 -1 -1
322 432 503 -1 -1
395 406 476 -1 -1
395 407 424 -1 -1
395 407 427 -1 -1
395 407 438 -1 -1
395 407 461 -1 -1
395 407 470 -1 -1
395 407 475 -1 -1
395 407 476 -1 -1
395 407 498 -1 -1
322 439 440 -1 -1
322 439 477 -1 -1
322 443 457 -1 -1
322 443 462 -1 -1
322 443 470 -1 -1
322 443 487 -1 -1
322 443 488 -1 -1
322 443 504 -1 -1
395 426 509 -1 -1
395 427 508 -1 -1
322 448 450 -1 -1
322 448 457 -1 -1
322 448 460 -1 -1
322 448 487 -1 -1
322 448 488 -1 -1
322 448 504 -1 -1
395 431 468 -1 -1
395 432 487 -1 -1
395 432 491 -1 -1
395 432 504 -1 -1
395 433 434 -1 -1
395 434 443 -1 -1
322 456 501 -1 -1
322 456 503 -1 -1
322 460 465 -1 -1
322 469 500 -1 -1
440 452 468 -1 -1
440 452 482 -1 -1
440 452 505 -1 -1
440 453 460 -1 -1
440 453 488 -1 -1
440 453 501 -1 -1
322 476 500 -1 -1
395 456 470 -1 -1
395 461 507 -1 -1
395 463 509 -1 -1
395 470 476 -1 -1
395 470 493 -1 -1
395 471 476 -1 -1
322 493 501 -1 -1
322 493 503 -1 -1
440 463 505 -1 -1
440 468 482 -1 -1
440 468 500 -1 -1
396 400 446 -1 -1
396 401 428 -1 -1
396 401 429 -1 -1
396 401 466 -1 -1
323 327 380 -1 -1
323 327 424 -1 -1
323 327 433 -1 -1
323 327 461 -1 -1
356 436 447 -1 -1
440 482 505 -1 -1
440 500 505 -1 -1
396 407 476 -1 -1
396 408 409 -1 -1
396 409 477 -1 -1
396 418 427 -1 -1
396 418 465 -1 -1
396 418 503 -1 -1
396 421 463 -1 -1
396 423 443 -1 -1
396 423 461 -1 -1
396 423 469 -1 -1
396 424 461 -1 -1
396 424 498 -1 -1
396 427 428 -1 -1
396 427 432 -1 -1
396 427 456 -1 -1
396 427 493 -1 -1
396 427 504 -1 -1
396 428 475 -1 -1
396 428 501 -1 -1
396 429 438 -1 -1
396 431 452 -1 -1
396 431 468 -1 -1
323 349 478 -1 -1
396 431 505 -1 -1
396 432 461 -1 -1
396 433 491 -1 -1
396 433 501 -1 -1
396 433 507 -1 -1
396 433 509 -1 -1
396 434 507 -1 -1
396 434 508 -1 -1
357 359 452 -1 -1
357 359 505 -1 -1
357 361 431 -1 -1
357 362 451 -1 -1
357 369 372 -1 -1
323 364 420 -1 -1
193 240 319 -1 -1
396 443 460 -1 -1
396 444 466 -1 -1
396 448 461 -1 -1
396 448 508 -1 -1
442 479 508 -1 -1
396 452 504 -1 -1
396 452 505 -1 -1
396 456 465 -1 -1
396 457 469 -1 -1
396 457 487 -1 -1
396 457 491 -1 -1
396 457 504 -1 -1
396 457 506 -1 -1
396 457 509 -1 -1
396 460 461 -1 -1
396 460 469 -1 -1
396 461 470 -1 -1
443 445 505 -1 -1
396 462 500 -1 -1
396 463 500 -1 -1
396 465 493 -1 -1
396 468 505 -1 -1
396 469 487 -1 -1
396 469 491 -1 -1
396 469 504 -1 -1
396 469 506 -1 -1
396 470 498 -1 -1
396 470 506 -1 -1
396 470 508 -1 -1
396 476 508 -1 -1
396 477 482 -1 -1
396 478 483 -1 -1
396 487 491 -1 -1
396 487 501 -1 -1
396 487 504 -1 -1
396 487 506 -1 -1
396 487 509 -1 -1
396 488 491 -1 -1
396 488 501 -1 -1
396 488 506 -1 -1
396 488 509 -1 -1
396 491 504 -1 -1
396 501 504 -1 -1
396 504 506 -1 -1
443 456 470 -1 -1
443 457 460 -1 -1
443 460 466 -1 -1
443 460 487 -1 -1
443 460 504 -1 -1
443 461 477 -1 -1
443 461 509 -1 -1
443 470 493 -1 -1
443 470 504 -1 -1
443 471 507 -1 -1
397 406 425 -1 -1
397 406 462 -1 -1
397 406 501 -1 -1
397 406 504 -1 -1
397 408 409 -1 -1
397 408 448 -1 -1
357 394 421 -1 -1
443 507 508 -1 -1
357 394 500 -1 -1
397 409 477 -1 -1
444 456 475 -1 -1
444 457 503 -1 -1
444 461 502 -1 -1
444 462 503 -1 -1
444 465 475 -1 -1
444 475 493 -1 -1
444 475 507 -1 -1
444 475 509 -1 -1
397 418 465 -1 -1
397 418 503 -1 -1
444 491 503 -1 -1
444 501 503 -1 -1
444 502 509 -1 -1
444 503 504 -1 -1
444 503 507 -1 -1
445 448 453 -1 -1
445 450 456 -1 -1
445 450 491 -1 -1
445 450 493 -1 -1
445 450 501 -1 -1
445 450 507 -1 -1
445 453 469 -1 -1
445 457 476 -1 -1
445 462 476 -1 -1
445 471 505 -1 -1
397 421 423 -1 -1
397 421 460 -1 -1
445 475 476 -1 -1
445 476 487 -1 -1
445 476 491 -1 -1
397 423 463 -1 -1
397 423 500 -1 -1
445 498 504 -1 -1
397 427 433 -1 -1
397 427 434 -1 -1
397 427 461 -1 -1
323 396 476 -1 -1
397 427 471 -1 -1
357 408 440 -1 -1
357 409 421 -1 -1
357 409 443 -1 -1
397 433 509 -1 -1
357 420 431 -1 -1
357 420 468 -1 -1
357 420 505 -1 -1
446 457 474 -1 -1
357 424 453 -1 -1
397 434 465 -1 -1
397 435 508 -1 -1
357 433 452 -1 -1
397 443 469 -1 -1
397 448 476 -1 -1
397 448 507 -1 -1
446 474 487 -1 -1
446 474 491 -1 -1
446 474 504 -1 -1
446 475 511 -1 -1
323 434 441 -1 -1
323 441 470 -1 -1
323 441 471 -1 -1
397 460 463 -1 -1
397 460 500 -1 -1
397 461 469 -1 -1
397 461 488 -1 -1
397 461 501 -1 -1
397 461 509 -1 -1
397 463 470 -1 -1
397 465 471 -1 -1
397 465 508 -1 -1
397 469 498 -1 -1
357 452 498 -1 -1
357 453 457 -1 -1
397 478 483 -1 -1
397 487 506 -1 -1
397 488 498 -1 -1
397 488 506 -1 -1
397 498 501 -1 -1
397 498 509 -1 -1
398 400 473 -1 -1
398 403 445 -1 -1
446 502 511 -1 -1
324 327 402 -1 -1
398 406 471 -1 -1
398 407 456 -1 -1
398 407 493 -1 -1
398 408 418 -1 -1
398 408 476 -1 -1
398 408 498 -1 -1
447 452 511 -1 -1
447 453 511 -1 -1
398 418 461 -1 -1
398 473 511 -1 -1
398 500 509 -1 -1
399 400 435 -1 -1
324 360 470 -1 -1
324 360 507 -1 -1
324 363 381 -1 -1
324 364 408 -1 -1
400 406 446 -1 -1
400 407 437 -1 -1
324 371 450 -1 -1
359 360 396 -1 -1
359 360 424 -1 -1
359 360 461 -1 -1
359 360 465 -1 -1
359 360 498 -1 -1
359 362 466 -1 -1
324 377 421 -1 -1
324 377 509 -1 -1
400 427 446 -1 -1
400 428 511 -1 -1
359 373 389 -1 -1
400 435 436 -1 -1
400 437 448 -1 -1
400 446 457 -1 -1
400 446 487 -1 -1
400 446 488 -1 -1
400 446 504 -1 -1
359 380 406 -1 -1
359 380 424 -1 -1
359 380 434 -1 -1
359 381 400 -1 -1
359 381 474 -1 -1
324 407 421 -1 -1
401 402 403 -1 -1
324 408 448 -1 -1
324 408 501 -1 -1
324 408 503 -1 -1
401 403 451 -1 -1
359 396 423 -1 -1
359 396 457 -1 -1
359 396 460 -1 -1
359 396 465 -1 -1
359 396 491 -1 -1
359 396 501 -1 -1
359 396 504 -1 -1
359 396 507 -1 -1
359 397 427 -1 -1
359 397 487 -1 -1
359 397 491 -1 -1
359 397 501 -1 -1
359 397 506 -1 -1
401 407 433 -1 -1
401 407 465 -1 -1
401 407 506 -1 -1
401 409 428 -1 -1
324 420 438 -1 -1
324 420 450 -1 -1
324 420 475 -1 -1
324 421 438 -1 -1
324 421 475 -1 -1
324 423 450 -1 -1
401 427 448 -1 -1
359 406 408 -1 -1
359 406 418 -1 -1
401 428 457 -1 -1
359 406 476 -1 -1
401 428 491 -1 -1
359 406 508 -1 -1
401 429 452 -1 -1
359 407 425 -1 -1
359 407 450 -1 -1
401 429 487 -1 -1
401 429 488 -1 -1
359 407 462 -1 -1
401 429 509 -1 -1
359 407 491 -1 -1
359 407 501 -1 -1
359 407 504 -1 -1
359 408 409 -1 -1
359 408 452 -1 -1
359 408 469 -1 -1
359 408 471 -1 -1
401 432 502 -1 -1
292 293 426 -1 -1
292 293 432 -1 -1
401 444 509 -1 -1
292 293 471 -1 -1
401 445 476 -1 -1
401 446 511 -1 -1
401 448 501 -1 -1
401 456 502 -1 -1
401 456 503 -1 -1
401 461 466 -1 -1
401 466 498 -1 -1
359 418 426 -1 -1
359 418 500 -1 -1
401 493 502 -1 -1
401 493 503 -1 -1
401 503 507 -1 -1
359 423 448 -1 -1
402 403 444 -1 -1
402 403 502 -1 -1
359 425 448 -1 -1
359 427 434 -1 -1
292 295 361 -1 -1
292 295 407 -1 -1
292 296 298 -1 -1
359 427 471 -1 -1
359 427 507 -1 -1
359 427 508 -1 -1
359 428 448 -1 -1
402 408 478 -1 -1
359 432 470 -1 -1
324 450 457 -1 -1
324 450 460 -1 -1
324 450 465 -1 -1
359 433 434 -1 -1
324 450 488 -1 -1
324 450 507 -1 -1
359 434 456 -1 -1
359 434 476 -1 -1
359 434 493 -1 -1
402 419 505 -1 -1
359 448 457 -1 -1
359 448 460 -1 -1
359 448 462 -1 -1
359 448 487 -1 -1
359 448 491 -1 -1
359 448 504 -1 -1
359 448 509 -1 -1
292 298 474 -1 -1
359 456 471 -1 -1
359 456 507 -1 -1
359 456 508 -1 -1
359 457 508 -1 -1
359 461 470 -1 -1
359 461 509 -1 -1
359 469 509 -1 -1
359 470 498 -1 -1
359 470 508 -1 -1
359 471 493 -1 -1
359 476 508 -1 -1
359 493 507 -1 -1
359 493 508 -1 -1
359 498 509 -1 -1
359 501 508 -1 -1
359 508 509 -1 -1
360 364 488 -1 -1
360 364 507 -1 -1
325 333 408 -1 -1
325 334 340 -1 -1
360 372 451 -1 -1
325 334 436 -1 -1
360 373 404 -1 -1
325 336 408 -1 -1
360 380 401 -1 -1
403 408 453 -1 -1
325 340 421 -1 -1
360 380 450 -1 -1
360 384 399 -1 -1
360 384 420 -1 -1
360 384 436 -1 -1
403 418 451 -1 -1
360 394 468 -1 -1
360 395 423 -1 -1
360 395 460 -1 -1
360 395 465 -1 -1
360 395 470 -1 -1
360 395 487 -1 -1
360 395 488 -1 -1
360 395 504 -1 -1
360 396 421 -1 -1
403 424 468 -1 -1
403 424 505 -1 -1
360 397 461 -1 -1
360 397 476 -1 -1
360 397 498 -1 -1
403 428 451 -1 -1
403 429 451 -1 -1
403 431 498 -1 -1
292 323 349 -1 -1
292 323 460 -1 -1
292 323 469 -1 -1
292 323 487 -1 -1
292 323 488 -1 -1
403 434 445 -1 -1
403 438 439 -1 -1
403 438 451 -1 -1
403 439 475 -1 -1
403 445 456 -1 -1
403 445 491 -1 -1
403 445 493 -1 -1
403 445 501 -1 -1
403 445 507 -1 -1
360 403 468 -1 -1
360 403 505 -1 -1
360 406 433 -1 -1
403 461 468 -1 -1
360 408 435 -1 -1
403 461 505 -1 -1
292 335 356 -1 -1
360 408 472 -1 -1
360 421 425 -1 -1
360 421 462 -1 -1
360 421 463 -1 -1
403 468 498 -1 -1
403 498 505 -1 -1
403 505 507 -1 -1
360 421 500 -1 -1
292 340 456 -1 -1
360 423 433 -1 -1
292 340 493 -1 -1
360 423 461 -1 -1
292 340 508 -1 -1
360 423 498 -1 -1
360 423 506 -1 -1
360 423 508 -1 -1
360 424 506 -1 -1
404 407 483 -1 -1
360 427 488 -1 -1
360 427 504 -1 -1
360 427 509 -1 -1
360 428 429 -1 -1
360 428 501 -1 -1
360 429 466 -1 -1
360 429 475 -1 -1
360 429 502 -1 -1
360 431 468 -1 -1
360 432 460 -1 -1
360 432 470 -1 -1
360 432 488 -1 -1
360 432 501 -1 -1
360 432 509 -1 -1
360 433 461 -1 -1
360 433 470 -1 -1
360 433 471 -1 -1
360 433 498 -1 -1
360 433 507 -1 -1
360 438 466 -1 -1
360 444 503 -1 -1
360 445 476 -1 -1
360 448 506 -1 -1
325 377 407 -1 -1
360 452 468 -1 -1
404 438 475 -1 -1
360 452 504 -1 -1
325 379 383 -1 -1
360 456 493 -1 -1
360 457 469 -1 -1
360 457 487 -1 -1
360 457 491 -1 -1
360 457 504 -1 -1
360 457 507 -1 -1
360 460 461 -1 -1
360 460 469 -1 -1
360 460 498 -1 -1
360 460 506 -1 -1
360 461 465 -1 -1
360 465 470 -1 -1
360 465 498 -1 -1
360 465 504 -1 -1
360 465 508 -1 -1
360 468 505 -1 -1
360 469 476 -1 -1
360 469 488 -1 -1
404 448 482 -1 -1
292 356 461 -1 -1
360 487 491 -1 -1
360 487 504 -1 -1
360 487 507 -1 -1
360 488 491 -1 -1
360 488 501 -1 -1
360 488 507 -1 -1
360 491 504 -1 -1
360 501 502 -1 -1
360 501 504 -1 -1
360 501 509 -1 -1
360 504 507 -1 -1
360 504 509 -1 -1
404 482 498 -1 -1
361 362 380 -1 -1
361 362 457 -1 -1
361 362 472 -1 -1
361 362 491 -1 -1
361 362 501 -1 -1
361 362 504 -1 -1
325 399 447 -1 -1
361 370 474 -1 -1
361 370 511 -1 -1
325 400 510 -1 -1
325 408 448 -1 -1
361 380 509 -1 -1
361 384 457 -1 -1
361 384 487 -1 -1
361 384 491 -1 -1
361 384 507 -1 -1
292 377 508 -1 -1
361 396 509 -1 -1
361 406 434 -1 -1
361 407 421 -1 -1
361 407 425 -1 -1
361 407 432 -1 -1
361 407 462 -1 -1
361 407 470 -1 -1
361 407 500 -1 -1
292 398 483 -1 -1
361 418 477 -1 -1
361 418 498 -1 -1
361 418 507 -1 -1
361 418 508 -1 -1
406 408 423 -1 -1
406 408 460 -1 -1
406 408 476 -1 -1
406 408 507 -1 -1
292 407 414 -1 -1
361 427 509 -1 -1
292 408 475 -1 -1
361 443 471 -1 -1
406 418 444 -1 -1
406 418 476 -1 -1
325 474 510 -1 -1
406 423 426 -1 -1
406 423 471 -1 -1
406 423 508 -1 -1
406 424 426 -1 -1
406 424 463 -1 -1
406 424 476 -1 -1
406 425 508 -1 -1
406 426 460 -1 -1
361 445 450 -1 -1
406 428 508 -1 -1
406 432 498 -1 -1
406 432 504 -1 -1
406 434 456 -1 -1
406 434 472 -1 -1
406 434 477 -1 -1
406 434 493 -1 -1
406 435 471 -1 -1
406 456 461 -1 -1
406 456 498 -1 -1
406 456 506 -1 -1
406 457 471 -1 -1
406 457 476 -1 -1
406 457 508 -1 -1
406 460 471 -1 -1
406 460 508 -1 -1
406 461 476 -1 -1
406 461 493 -1 -1
406 461 502 -1 -1
362 363 384 -1 -1
406 462 508 -1 -1
406 469 476 -1 -1
406 470 476 -1 -1
406 470 507 -1 -1
406 471 491 -1 -1
406 471 501 -1 -1
406 472 508 -1 -1
406 476 498 -1 -1
406 476 507 -1 -1
406 477 509 -1 -1
406 491 506 -1 -1
406 491 508 -1 -1
406 493 498 -1 -1
406 493 506 -1 -1
292 435 482 -1 -1
406 501 508 -1 -1
407 409 468 -1 -1
407 409 505 -1 -1
292 441 445 -1 -1
407 418 444 -1 -1
407 420 421 -1 -1
407 421 425 -1 -1
407 421 462 -1 -1
407 421 463 -1 -1
407 421 500 -1 -1
362 380 510 -1 -1
407 423 476 -1 -1
407 423 498 -1 -1
407 424 448 -1 -1
407 425 433 -1 -1
407 426 463 -1 -1
407 426 477 -1 -1
407 427 506 -1 -1
407 432 450 -1 -1
407 433 457 -1 -1
407 433 462 -1 -1
407 433 470 -1 -1
407 433 487 -1 -1
407 433 491 -1 -1
407 433 501 -1 -1
407 433 504 -1 -1
407 433 507 -1 -1
407 435 477 -1 -1
407 438 465 -1 -1
407 438 469 -1 -1
407 448 506 -1 -1
407 450 461 -1 -1
362 399 427 -1 -1
407 452 505 -1 -1
407 456 501 -1 -1
407 457 465 -1 -1
407 457 487 -1 -1
407 460 476 -1 -1
407 460 498 -1 -1
407 461 465 -1 -1
407 461 469 -1 -1
407 463 477 -1 -1
407 465 472 -1 -1
407 465 475 -1 -1
407 465 491 -1 -1
407 465 501 -1 -1
407 465 504 -1 -1
407 469 470 -1 -1
407 469 475 -1 -1
407 470 476 -1 -1
407 470 506 -1 -1
407 472 487 -1 -1
407 472 488 -1 -1
407 477 482 -1 -1
407 477 500 -1 -1
293 297 439 -1 -1
407 487 506 -1 -1
407 488 491 -1 -1
407 488 506 -1 -1
407 491 501 -1 -1
407 493 501 -1 -1
407 498 507 -1 -1
407 502 503 -1 -1
408 409 424 -1 -1
408 409 450 -1 -1
408 409 461 -1 -1
408 409 498 -1 -1
293 300 395 -1 -1
293 300 423 -1 -1
293 300 424 -1 -1
293 300 460 -1 -1
293 301 412 -1 -1
408 418 473 -1 -1
362 420 472 -1 -1
408 423 435 -1 -1
408 424 435 -1 -1
362 429 510 -1 -1
362 432 436 -1 -1
408 428 451 -1 -1
362 436 491 -1 -1
362 436 501 -1 -1
362 436 507 -1 -1
362 436 509 -1 -1
408 434 476 -1 -1
408 435 460 -1 -1
408 435 461 -1 -1
408 435 476 -1 -1
408 435 498 -1 -1
408 439 441 -1 -1
408 443 448 -1 -1
362 472 500 -1 -1
362 473 477 -1 -1
408 448 456 -1 -1
408 448 471 -1 -1
408 448 491 -1 -1
363 364 400 -1 -1
408 448 493 -1 -1
408 448 507 -1 -1
363 364 474 -1 -1
408 463 476 -1 -1
408 470 498 -1 -1
408 470 506 -1 -1
293 324 384 -1 -1
363 373 446 -1 -1
408 476 500 -1 -1
408 500 508 -1 -1
363 381 396 -1 -1
363 381 423 -1 -1
363 381 433 -1 -1
363 381 443 -1 -1
363 381 460 -1 -1
409 418 444 -1 -1
409 425 468 -1 -1
409 426 453 -1 -1
363 381 488 -1 -1
363 381 502 -1 -1
363 381 504 -1 -1
293 337 366 -1 -1
409 429 438 -1 -1
409 429 475 -1 -1
409 431 448 -1 -1
409 431 457 -1 -1
409 434 504 -1 -1
363 399 435 -1 -1
363 400 456 -1 -1
409 443 453 -1 -1
363 400 493 -1 -1
363 401 446 -1 -1
409 447 511 -1 -1
409 448 468 -1 -1
409 453 463 -1 -1
409 456 477 -1 -1
409 457 468 -1 -1
409 457 504 -1 -1
409 462 468 -1 -1
409 468 491 -1 -1
409 471 477 -1 -1
409 477 493 -1 -1
410 412 440 -1 -1
410 412 478 -1 -1
363 426 447 -1 -1
293 371 439 -1 -1
363 428 437 -1 -1
363 431 446 -1 -1
293 373 420 -1 -1
293 373 509 -1 -1
293 374 375 -1 -1
293 374 412 -1 -1
293 376 396 -1 -1
293 376 463 -1 -1
363 437 457 -1 -1
363 437 491 -1 -1
363 446 468 -1 -1
363 447 500 -1 -1
293 390 450 -1 -1
293 390 451 -1 -1
162 188 339 -1 -1
364 365 407 -1 -1
364 365 448 -1 -1
364 365 503 -1 -1
293 413 414 -1 -1
411 418 451 -1 -1
293 444 483 -1 -1
411 428 431 -1 -1
364 373 445 -1 -1
327 337 407 -1 -1
364 380 448 -1 -1
364 380 465 -1 -1
411 444 476 -1 -1
411 468 502 -1 -1
411 502 505 -1 -1
364 392 448 -1 -1
364 395 397 -1 -1
364 396 476 -1 -1
364 396 509 -1 -1
364 397 418 -1 -1
364 397 476 -1 -1
327 357 424 -1 -1
364 397 498 -1 -1
327 357 477 -1 -1
364 400 437 -1 -1
364 401 432 -1 -1
364 401 456 -1 -1
327 360 431 -1 -1
364 401 493 -1 -1
364 402 448 -1 -1
364 404 482 -1 -1
364 407 429 -1 -1
364 409 429 -1 -1
327 371 392 -1 -1
364 411 448 -1 -1
364 411 465 -1 -1
327 371 503 -1 -1
327 373 410 -1 -1
364 418 424 -1 -1
364 421 477 -1 -1
364 423 428 -1 -1
364 423 432 -1 -1
364 423 498 -1 -1
364 424 443 -1 -1
364 424 476 -1 -1
364 424 498 -1 -1
364 427 428 -1 -1
364 427 439 -1 -1
364 428 448 -1 -1
364 428 452 -1 -1
364 428 457 -1 -1
364 428 460 -1 -1
364 428 465 -1 -1
364 428 470 -1 -1
364 428 491 -1 -1
364 429 466 -1 -1
364 431 468 -1 -1
364 431 504 -1 -1
364 432 457 -1 -1
364 432 460 -1 -1
364 432 469 -1 -1
364 432 487 -1 -1
364 432 491 -1 -1
364 432 506 -1 -1
364 433 470 -1 -1
364 433 507 -1 -1
364 434 461 -1 -1
364 434 469 -1 -1
364 438 470 -1 -1
364 438 502 -1 -1
364 439 466 -1 -1
364 440 453 -1 -1
364 448 503 -1 -1
364 452 457 -1 -1
364 452 477 -1 -1
364 452 487 -1 -1
364 452 491 -1 -1
364 452 502 -1 -1
364 456 507 -1 -1
364 456 509 -1 -1
364 457 487 -1 -1
364 457 488 -1 -1
364 457 502 -1 -1
364 460 498 -1 -1
364 461 508 -1 -1
364 463 477 -1 -1
364 465 502 -1 -1
327 394 397 -1 -1
327 394 406 -1 -1
364 469 471 -1 -1
327 394 470 -1 -1
327 394 507 -1 -1
364 470 502 -1 -1
364 470 509 -1 -1
364 471 506 -1 -1
327 396 505 -1 -1
364 478 483 -1 -1
327 397 468 -1 -1
327 397 504 -1 -1
364 487 491 -1 -1
364 487 502 -1 -1
364 488 491 -1 -1
327 398 451 -1 -1
364 491 502 -1 -1
364 493 507 -1 -1
364 493 509 -1 -1
327 401 452 -1 -1
327 403 425 -1 -1
327 403 448 -1 -1
327 403 457 -1 -1
327 403 491 -1 -1
327 406 431 -1 -1
327 406 468 -1 -1
327 406 504 -1 -1
327 406 505 -1 -1
327 411 444 -1 -1
327 423 468 -1 -1
327 423 504 -1 -1
327 424 468 -1 -1
327 424 504 -1 -1
365 392 403 -1 -1
327 431 452 -1 -1
327 431 488 -1 -1
327 431 501 -1 -1
327 438 440 -1 -1
327 438 445 -1 -1
327 440 461 -1 -1
327 440 498 -1 -1
327 445 503 -1 -1
365 401 403 -1 -1
365 402 403 -1 -1
365 403 475 -1 -1
365 403 502 -1 -1
327 460 468 -1 -1
327 460 504 -1 -1
327 461 468 -1 -1
327 468 471 -1 -1
327 468 498 -1 -1
327 498 504 -1 -1
327 505 507 -1 -1
327 505 509 -1 -1
328 330 470 -1 -1
365 419 451 -1 -1
328 352 395 -1 -1
328 352 423 -1 -1
328 352 460 -1 -1
328 352 482 -1 -1
228 265 386 -1 -1
228 265 397 -1 -1
228 265 424 -1 -1
228 265 461 -1 -1
228 265 498 -1 -1
228 265 507 -1 -1
328 364 409 -1 -1
328 364 432 -1 -1
328 364 457 -1 -1
328 373 441 -1 -1
366 404 470 -1 -1
366 404 507 -1 -1
366 404 508 -1 -1
328 380 403 -1 -1
295 324 340 -1 -1
328 389 394 -1 -1
328 389 505 -1 -1
295 332 404 -1 -1
328 403 427 -1 -1
328 403 452 -1 -1
328 403 457 -1 -1
328 403 487 -1 -1
328 403 488 -1 -1
328 403 507 -1 -1
328 404 451 -1 -1
328 425 441 -1 -1
295 352 461 -1 -1
295 352 498 -1 -1
328 431 476 -1 -1
328 441 462 -1 -1
328 441 463 -1 -1
295 361 483 -1 -1
328 468 476 -1 -1
329 330 366 -1 -1
295 389 392 -1 -1
295 389 466 -1 -1
295 390 406 -1 -1
295 390 434 -1 -1
295 390 471 -1 -1
295 408 482 -1 -1
295 419 483 -1 -1
228 378 392 -1 -1
228 378 402 -1 -1
228 378 427 -1 -1
368 400 405 -1 -1
368 400 442 -1 -1
368 400 479 -1 -1
368 405 407 -1 -1
368 405 511 -1 -1
368 408 442 -1 -1
329 404 423 -1 -1
329 404 424 -1 -1
329 404 460 -1 -1
329 404 461 -1 -1
329 404 470 -1 -1
329 404 507 -1 -1
296 322 399 -1 -1
296 333 423 -1 -1
296 333 432 -1 -1
296 333 457 -1 -1
296 333 487 -1 -1
296 333 488 -1 -1
296 333 502 -1 -1
296 333 504 -1 -1
369 370 398 -1 -1
369 370 469 -1 -1
369 381 425 -1 -1
369 381 426 -1 -1
369 381 500 -1 -1
296 357 371 -1 -1
369 392 444 -1 -1
296 364 436 -1 -1
369 395 408 -1 -1
369 396 406 -1 -1
296 369 432 -1 -1
296 369 476 -1 -1
296 369 498 -1 -1
369 400 423 -1 -1
369 400 428 -1 -1
369 400 450 -1 -1
369 400 460 -1 -1
369 400 487 -1 -1
369 400 488 -1 -1
369 401 437 -1 -1
330 337 401 -1 -1
330 337 423 -1 -1
330 337 424 -1 -1
330 337 432 -1 -1
330 337 460 -1 -1
330 337 461 -1 -1
330 337 470 -1 -1
330 337 498 -1 -1
369 406 448 -1 -1
369 407 469 -1 -1
369 409 428 -1 -1
369 409 450 -1 -1
296 380 399 -1 -1
296 384 437 -1 -1
369 423 511 -1 -1
369 427 474 -1 -1
369 428 511 -1 -1
330 349 409 -1 -1
369 437 468 -1 -1
296 398 435 -1 -1
296 398 472 -1 -1
296 399 401 -1 -1
296 399 432 -1 -1
296 399 435 -1 -1
296 399 450 -1 -1
330 352 398 -1 -1
296 401 436 -1 -1
369 447 453 -1 -1
369 450 511 -1 -1
369 460 511 -1 -1
369 465 474 -1 -1
369 472 473 -1 -1
369 488 511 -1 -1
370 371 407 -1 -1
296 423 436 -1 -1
296 425 473 -1 -1
296 427 436 -1 -1
296 428 436 -1 -1
296 432 436 -1 -1
296 436 450 -1 -1
296 436 457 -1 -1
296 436 460 -1 -1
296 436 487 -1 -1
296 436 488 -1 -1
330 366 453 -1 -1
330 367 380 -1 -1
330 367 406 -1 -1
330 367 423 -1 -1
330 367 460 -1 -1
330 367 477 -1 -1
296 444 472 -1 -1
330 373 468 -1 -1
370 380 381 -1 -1
296 462 473 -1 -1
370 380 429 -1 -1
296 463 473 -1 -1
297 299 451 -1 -1
370 392 400 -1 -1
370 399 510 -1 -1
370 400 503 -1 -1
370 406 407 -1 -1
330 402 407 -1 -1
370 408 420 -1 -1
370 408 421 -1 -1
370 408 436 -1 -1
297 320 478 -1 -1
297 327 466 -1 -1
370 427 474 -1 -1
370 428 511 -1 -1
370 431 437 -1 -1
370 432 511 -1 -1
370 434 511 -1 -1
297 333 361 -1 -1
297 333 435 -1 -1
297 333 473 -1 -1
297 334 432 -1 -1
297 334 456 -1 -1
297 334 493 -1 -1
370 437 468 -1 -1
297 335 473 -1 -1
370 471 511 -1 -1
196 265 293 -1 -1
370 477 511 -1 -1
297 359 429 -1 -1
297 361 440 -1 -1
371 381 440 -1 -1
297 373 451 -1 -1
371 401 450 -1 -1
297 394 438 -1 -1
297 394 498 -1 -1
196 292 482 -1 -1
297 398 476 -1 -1
297 407 477 -1 -1
196 296 473 -1 -1
297 423 429 -1 -1
297 427 440 -1 -1
297 429 460 -1 -1
297 440 503 -1 -1
297 444 471 -1 -1
297 444 508 -1 -1
371 428 470 -1 -1
371 428 507 -1 -1
371 428 508 -1 -1
371 429 432 -1 -1
331 400 479 -1 -1
371 439 440 -1 -1
371 439 477 -1 -1
371 440 466 -1 -1
371 443 502 -1 -1
331 405 407 -1 -1
331 407 442 -1 -1
196 327 349 -1 -1
196 327 421 -1 -1
196 327 482 -1 -1
196 327 500 -1 -1
