402 -1 -1 -1 -1
427 -1 -1 -1 -1
438 -1 -1 -1 -1
455 -1 -1 -1 -1
457 -1 -1 -1 -1
458 -1 -1 -1 -1
459 -1 -1 -1 -1
464 -1 -1 -1 -1
480 -1 -1 -1 -1
487 -1 -1 -1 -1
489 -1 -1 -1 -1
490 -1 -1 -1 -1
494 -1 -1 -1 -1
495 -1 -1 -1 -1
496 -1 -1 -1 -1
506 -1 -1 -1 -1
485 488 -1 -1 -1
450 475 -1 -1 -1
450 488 -1 -1 -1
450 502 -1 -1 -1
450 507 -1 -1 -1
491 493 -1 -1 -1
492 493 -1 -1 -1
452 453 -1 -1 -1
497 498 -1 -1 -1
420 472 -1 -1 -1
456 465 -1 -1 -1
456 470 -1 -1 -1
456 491 -1 -1 -1
456 492 -1 -1 -1
456 493 -1 -1 -1
388 394 -1 -1 -1
460 461 -1 -1 -1
460 498 -1 -1 -1
388 468 -1 -1 -1
461 497 -1 -1 -1
461 498 -1 -1 -1
388 505 -1 -1 -1
462 484 -1 -1 -1
462 488 -1 -1 -1
423 450 -1 -1 -1
462 499 -1 -1 -1
423 460 -1 -1 -1
423 462 -1 -1 -1
423 485 -1 -1 -1
423 488 -1 -1 -1
423 497 -1 -1 -1
465 469 -1 -1 -1
424 460 -1 -1 -1
424 461 -1 -1 -1
465 501 -1 -1 -1
424 497 -1 -1 -1
424 498 -1 -1 -1
467 468 -1 -1 -1
425 426 -1 -1 -1
425 462 -1 -1 -1
425 463 -1 -1 -1
391 397 -1 -1 -1
468 505 -1 -1 -1
391 428 -1 -1 -1
470 493 -1 -1 -1
426 499 -1 -1 -1
391 502 -1 -1 -1
472 509 -1 -1 -1
392 466 -1 -1 -1
393 397 -1 -1 -1
474 511 -1 -1 -1
393 410 -1 -1 -1
475 488 -1 -1 -1
475 501 -1 -1 -1
393 430 -1 -1 -1
430 431 -1 -1 -1
430 468 -1 -1 -1
393 488 -1 -1 -1
393 504 -1 -1 -1
394 410 -1 -1 -1
431 467 -1 -1 -1
394 430 -1 -1 -1
394 467 -1 -1 -1
394 505 -1 -1 -1
432 470 -1 -1 -1
433 475 -1 -1 -1
396 423 -1 -1 -1
434 475 -1 -1 -1
396 450 -1 -1 -1
396 461 -1 -1 -1
396 475 -1 -1 -1
397 423 -1 -1 -1
397 439 -1 -1 -1
397 488 -1 -1 -1
437 474 -1 -1 -1
399 436 -1 -1 -1
400 437 -1 -1 -1
400 474 -1 -1 -1
400 511 -1 -1 -1
444 448 -1 -1 -1
444 503 -1 -1 -1
352 365 -1 -1 -1
328 352 -1 -1 -1
408 446 -1 -1 -1
410 468 -1 -1 -1
410 505 -1 -1 -1
357 452 -1 -1 -1
357 453 -1 -1 -1
359 424 -1 -1 -1
359 460 -1 -1 -1
359 497 -1 -1 -1
359 498 -1 -1 -1
361 398 -1 -1 -1
361 420 -1 -1 -1
292 394 -1 -1 -1
362 436 -1 -1 -1
292 450 -1 -1 -1
292 452 -1 -1 -1
363 400 -1 -1 -1
364 424 -1 -1 -1
364 460 -1 -1 -1
364 497 -1 -1 -1
364 498 -1 -1 -1
329 391 -1 -1 -1
329 450 -1 -1 -1
329 469 -1 -1 -1
329 470 -1 -1 -1
296 324 -1 -1 -1
369 395 -1 -1 -1
298 409 -1 -1 -1
373 410 -1 -1 -1
375 412 -1 -1 -1
379 474 -1 -1 -1
336 410 -1 -1 -1
268 397 -1 -1 -1
268 434 -1 -1 -1
269 429 -1 -1 -1
269 466 -1 -1 -1
306 395 -1 -1 -1
306 432 -1 -1 -1
238 367 -1 -1 -1
278 441 -1 -1 -1