388 -1 -1 -1 -1
393 -1 -1 -1 -1
401 -1 -1 -1 -1
410 -1 -1 -1 -1
421 -1 -1 -1 -1
423 -1 -1 -1 -1
425 -1 -1 -1 -1
427 -1 -1 -1 -1
452 -1 -1 -1 -1
453 -1 -1 -1 -1
455 -1 -1 -1 -1
456 -1 -1 -1 -1
457 -1 -1 -1 -1
458 -1 -1 -1 -1
459 -1 -1 -1 -1
460 -1 -1 -1 -1
462 -1 -1 -1 -1
463 -1 -1 -1 -1
464 -1 -1 -1 -1
470 -1 -1 -1 -1
474 -1 -1 -1 -1
483 -1 -1 -1 -1
486 -1 -1 -1 -1
487 -1 -1 -1 -1
488 -1 -1 -1 -1
489 -1 -1 -1 -1
490 -1 -1 -1 -1
491 -1 -1 -1 -1
492 -1 -1 -1 -1
493 -1 -1 -1 -1
494 -1 -1 -1 -1
495 -1 -1 -1 -1
496 -1 -1 -1 -1
497 -1 -1 -1 -1
499 -1 -1 -1 -1
501 -1 -1 -1 -1
507 -1 -1 -1 -1
263 300 -1 -1 -1
389 429 -1 -1 -1
389 467 -1 -1 -1
389 502 -1 -1 -1
392 429 -1 -1 -1
392 503 -1 -1 -1
397 398 -1 -1 -1
398 502 -1 -1 -1
404 441 -1 -1 -1
405 415 -1 -1 -1
405 442 -1 -1 -1
405 479 -1 -1 -1
416 430 -1 -1 -1
416 445 -1 -1 -1
420 424 -1 -1 -1
420 461 -1 -1 -1
420 482 -1 -1 -1
420 484 -1 -1 -1
424 434 -1 -1 -1
424 450 -1 -1 -1
424 461 -1 -1 -1
424 471 -1 -1 -1
424 482 -1 -1 -1
424 484 -1 -1 -1
426 429 -1 -1 -1
426 467 -1 -1 -1
426 468 -1 -1 -1
426 502 -1 -1 -1
426 504 -1 -1 -1
428 430 -1 -1 -1
429 450 -1 -1 -1
429 466 -1 -1 -1
429 476 -1 -1 -1
429 500 -1 -1 -1
429 502 -1 -1 -1
430 465 -1 -1 -1
430 467 -1 -1 -1
430 482 -1 -1 -1
430 504 -1 -1 -1
431 465 -1 -1 -1
432 465 -1 -1 -1
432 475 -1 -1 -1
432 500 -1 -1 -1
433 498 -1 -1 -1
433 508 -1 -1 -1
434 461 -1 -1 -1
434 467 -1 -1 -1
434 504 -1 -1 -1
435 451 -1 -1 -1
435 484 -1 -1 -1
435 504 -1 -1 -1
435 511 -1 -1 -1
437 439 -1 -1 -1
438 504 -1 -1 -1
450 451 -1 -1 -1
450 502 -1 -1 -1
450 503 -1 -1 -1
461 471 -1 -1 -1
461 475 -1 -1 -1
461 476 -1 -1 -1
461 482 -1 -1 -1
461 484 -1 -1 -1
461 498 -1 -1 -1
465 467 -1 -1 -1
465 468 -1 -1 -1
466 469 -1 -1 -1
466 503 -1 -1 -1
467 469 -1 -1 -1
467 472 -1 -1 -1
467 482 -1 -1 -1
467 506 -1 -1 -1
467 511 -1 -1 -1
469 504 -1 -1 -1
476 498 -1 -1 -1
482 484 -1 -1 -1
482 498 -1 -1 -1
482 504 -1 -1 -1
482 508 -1 -1 -1
500 502 -1 -1 -1
500 503 -1 -1 -1
502 503 -1 -1 -1
504 506 -1 -1 -1
