402 -1 -1 -1 -1
427 -1 -1 -1 -1
438 -1 -1 -1 -1
455 -1 -1 -1 -1
457 -1 -1 -1 -1
458 -1 -1 -1 -1
459 -1 -1 -1 -1
464 -1 -1 -1 -1
480 -1 -1 -1 -1
487 -1 -1 -1 -1
489 -1 -1 -1 -1
490 -1 -1 -1 -1
494 -1 -1 -1 -1
495 -1 -1 -1 -1
496 -1 -1 -1 -1
506 -1 -1 -1 -1
485 488 -1 -1 -1
491 493 -1 -1 -1
497 498 -1 -1 -1
450 475 -1 -1 -1
450 502 -1 -1 -1
450 507 -1 -1 -1
452 453 -1 -1 -1
420 472 -1 -1 -1
456 465 -1 -1 -1
456 470 -1 -1 -1
456 492 -1 -1 -1
423 460 -1 -1 -1
423 462 -1 -1 -1
424 461 -1 -1 -1
425 426 -1 -1 -1
425 463 -1 -1 -1
467 468 -1 -1 -1
430 431 -1 -1 -1
474 511 -1 -1 -1
444 448 -1 -1 -1
444 503 -1 -1 -1
352 365 -1 -1 -1
292 394 -1 -1 -1
388 505 -1 -1 -1
391 397 -1 -1 -1
391 428 -1 -1 -1
392 466 -1 -1 -1
393 410 -1 -1 -1
393 504 -1 -1 -1
399 436 -1 -1 -1
400 437 -1 -1 -1
329 469 -1 -1 -1
408 446 -1 -1 -1
361 398 -1 -1 -1
268 434 -1 -1 -1
269 429 -1 -1 -1
296 324 -1 -1 -1
238 367 -1 -1 -1
369 395 -1 -1 -1
298 409 -1 -1 -1
375 412 -1 -1 -1
306 432 -1 -1 -1
278 441 -1 -1 -1
484 499 500 -1 -1
288 304 411 -1 -1
384 416 509 -1 -1
418 445 447 -1 -1
419 443 482 -1 -1
421 499 509 -1 -1
386 387 443 -1 -1
386 387 501 -1 -1
288 334 404 -1 -1
433 440 451 -1 -1
288 341 411 -1 -1
439 440 443 -1 -1
389 483 499 -1 -1
224 273 368 -1 -1
396 440 451 -1 -1
403 440 477 -1 -1
357 359 440 -1 -1
359 360 396 -1 -1
359 360 421 -1 -1
359 440 482 -1 -1
360 378 414 -1 -1
362 435 509 -1 -1
363 447 451 -1 -1
364 379 447 -1 -1
325 389 433 -1 -1
368 401 405 -1 -1
327 335 435 -1 -1
376 378 418 -1 -1
327 357 364 -1 -1
327 357 401 -1 -1
377 396 435 -1 -1
377 433 435 -1 -1
377 499 508 -1 -1
377 500 508 -1 -1
378 414 500 -1 -1
379 380 381 -1 -1
379 401 447 -1 -1
327 433 471 -1 -1
327 451 476 -1 -1
328 342 389 -1 -1
328 342 477 -1 -1
381 384 471 -1 -1
328 366 433 -1 -1
297 301 323 -1 -1
297 343 509 -1 -1
297 360 421 -1 -1
297 366 421 -1 -1
297 366 473 -1 -1
331 396 479 -1 -1
297 377 440 -1 -1
332 364 406 -1 -1
299 336 363 -1 -1
299 371 401 -1 -1
299 372 445 -1 -1
334 364 421 -1 -1
261 276 347 -1 -1
261 276 370 -1 -1
334 421 435 -1 -1
334 421 440 -1 -1
334 435 473 -1 -1
334 435 508 -1 -1
334 435 510 -1 -1
300 339 341 -1 -1
229 250 320 -1 -1
336 338 419 -1 -1
336 357 411 -1 -1
229 366 442 -1 -1
337 374 419 -1 -1
230 265 341 -1 -1
263 301 338 -1 -1
230 303 362 -1 -1
340 404 415 -1 -1
230 376 473 -1 -1
304 341 396 -1 -1
304 341 433 -1 -1
231 232 343 -1 -1
231 232 384 -1 -1
342 343 416 -1 -1
305 333 416 -1 -1
305 334 445 -1 -1
231 274 310 -1 -1
231 281 282 -1 -1
231 284 327 -1 -1
342 416 501 -1 -1
305 360 476 -1 -1
231 299 439 -1 -1
305 476 508 -1 -1
343 379 433 -1 -1
344 345 381 -1 -1
231 362 435 -1 -1
231 363 445 -1 -1
231 447 471 -1 -1
265 327 405 -1 -1
265 334 368 -1 -1
265 339 377 -1 -1
232 327 386 -1 -1
347 418 433 -1 -1
266 302 378 -1 -1
232 344 380 -1 -1
232 359 386 -1 -1
232 359 407 -1 -1
232 366 381 -1 -1
232 366 416 -1 -1
232 381 445 -1 -1
232 471 499 -1 -1
233 293 308 -1 -1
272 334 383 -1 -1
274 283 396 -1 -1
274 283 421 -1 -1
237 313 349 -1 -1
237 330 421 -1 -1
237 330 509 -1 -1
204 224 366 -1 -1
283 331 337 -1 -1
204 330 483 -1 -1
204 368 451 -1 -1
284 322 344 -1 -1
204 401 478 -1 -1
284 343 439 -1 -1
284 360 380 -1 -1
284 381 387 -1 -1
284 445 499 -1 -1
247 310 479 -1 -1
207 301 482 -1 -1
250 377 483 -1 -1
250 405 415 -1 -1
253 276 311 -1 -1
210 377 478 -1 -1
210 404 415 -1 -1
105 179 384 -1 -1
213 229 270 -1 -1
