101 -1 -1 -1 -1
228 -1 -1 -1 -1
234 -1 -1 -1 -1
261 -1 -1 -1 -1
271 -1 -1 -1 -1
289 -1 -1 -1 -1
296 -1 -1 -1 -1
308 -1 -1 -1 -1
324 -1 -1 -1 -1
325 -1 -1 -1 -1
326 -1 -1 -1 -1
327 -1 -1 -1 -1
330 -1 -1 -1 -1
331 -1 -1 -1 -1
352 -1 -1 -1 -1
355 -1 -1 -1 -1
356 -1 -1 -1 -1
357 -1 -1 -1 -1
362 -1 -1 -1 -1
363 -1 -1 -1 -1
364 -1 -1 -1 -1
365 -1 -1 -1 -1
367 -1 -1 -1 -1
382 -1 -1 -1 -1
383 -1 -1 -1 -1
385 -1 -1 -1 -1
386 -1 -1 -1 -1
387 -1 -1 -1 -1
388 -1 -1 -1 -1
389 -1 -1 -1 -1
390 -1 -1 -1 -1
392 -1 -1 -1 -1
393 -1 -1 -1 -1
394 -1 -1 -1 -1
395 -1 -1 -1 -1
397 -1 -1 -1 -1
398 -1 -1 -1 -1
399 -1 -1 -1 -1
400 -1 -1 -1 -1
404 -1 -1 -1 -1
409 -1 -1 -1 -1
414 -1 -1 -1 -1
416 -1 -1 -1 -1
418 -1 -1 -1 -1
419 -1 -1 -1 -1
420 -1 -1 -1 -1
421 -1 -1 -1 -1
422 -1 -1 -1 -1
423 -1 -1 -1 -1
424 -1 -1 -1 -1
425 -1 -1 -1 -1
426 -1 -1 -1 -1
429 -1 -1 -1 -1
430 -1 -1 -1 -1
431 -1 -1 -1 -1
434 -1 -1 -1 -1
435 -1 -1 -1 -1
436 -1 -1 -1 -1
437 -1 -1 -1 -1
439 -1 -1 -1 -1
446 -1 -1 -1 -1
448 -1 -1 -1 -1
449 -1 -1 -1 -1
450 -1 -1 -1 -1
451 -1 -1 -1 -1
452 -1 -1 -1 -1
453 -1 -1 -1 -1
454 -1 -1 -1 -1
455 -1 -1 -1 -1
456 -1 -1 -1 -1
457 -1 -1 -1 -1
458 -1 -1 -1 -1
459 -1 -1 -1 -1
460 -1 -1 -1 -1
461 -1 -1 -1 -1
462 -1 -1 -1 -1
463 -1 -1 -1 -1
464 -1 -1 -1 -1
466 -1 -1 -1 -1
467 -1 -1 -1 -1
468 -1 -1 -1 -1
471 -1 -1 -1 -1
472 -1 -1 -1 -1
478 -1 -1 -1 -1
479 -1 -1 -1 -1
481 -1 -1 -1 -1
483 -1 -1 -1 -1
484 -1 -1 -1 -1
485 -1 -1 -1 -1
486 -1 -1 -1 -1
487 -1 -1 -1 -1
488 -1 -1 -1 -1
489 -1 -1 -1 -1
490 -1 -1 -1 -1
491 -1 -1 -1 -1
492 -1 -1 -1 -1
493 -1 -1 -1 -1
494 -1 -1 -1 -1
496 -1 -1 -1 -1
497 -1 -1 -1 -1
498 -1 -1 -1 -1
499 -1 -1 -1 -1
500 -1 -1 -1 -1
501 -1 -1 -1 -1
503 -1 -1 -1 -1
504 -1 -1 -1 -1
505 -1 -1 -1 -1
508 -1 -1 -1 -1
509 -1 -1 -1 -1
510 -1 -1 -1 -1
511 -1 -1 -1 -1
290 291 -1 -1 -1
290 293 -1 -1 -1
290 295 -1 -1 -1
290 302 -1 -1 -1
290 339 -1 -1 -1
290 344 -1 -1 -1
290 349 -1 -1 -1
290 369 -1 -1 -1
290 405 -1 -1 -1
290 442 -1 -1 -1
291 318 -1 -1 -1
291 329 -1 -1 -1
291 366 -1 -1 -1
291 375 -1 -1 -1
291 403 -1 -1 -1
291 413 -1 -1 -1
291 440 -1 -1 -1
293 294 -1 -1 -1
293 301 -1 -1 -1
293 302 -1 -1 -1
323 333 -1 -1 -1
323 334 -1 -1 -1
256 372 -1 -1 -1
293 339 -1 -1 -1
293 348 -1 -1 -1
323 354 -1 -1 -1
293 350 -1 -1 -1
293 358 -1 -1 -1
323 360 -1 -1 -1
293 360 -1 -1 -1
323 361 -1 -1 -1
293 361 -1 -1 -1
323 370 -1 -1 -1
256 447 -1 -1 -1
323 371 -1 -1 -1
293 384 -1 -1 -1
323 391 -1 -1 -1
293 432 -1 -1 -1
323 401 -1 -1 -1
293 438 -1 -1 -1
323 407 -1 -1 -1
323 408 -1 -1 -1
293 469 -1 -1 -1
293 473 -1 -1 -1
293 495 -1 -1 -1
323 428 -1 -1 -1
323 442 -1 -1 -1
323 445 -1 -1 -1
323 465 -1 -1 -1
294 332 -1 -1 -1
294 338 -1 -1 -1
294 339 -1 -1 -1
323 502 -1 -1 -1
294 344 -1 -1 -1
294 358 -1 -1 -1
294 359 -1 -1 -1
294 396 -1 -1 -1
328 329 -1 -1 -1
257 444 -1 -1 -1
294 432 -1 -1 -1
294 469 -1 -1 -1
294 470 -1 -1 -1
294 507 -1 -1 -1
328 366 -1 -1 -1
295 307 -1 -1 -1
328 375 -1 -1 -1
258 290 -1 -1 -1
258 294 -1 -1 -1
295 332 -1 -1 -1
258 302 -1 -1 -1
258 307 -1 -1 -1
295 338 -1 -1 -1
328 403 -1 -1 -1
295 359 -1 -1 -1
258 332 -1 -1 -1
328 413 -1 -1 -1
295 368 -1 -1 -1
295 369 -1 -1 -1
258 348 -1 -1 -1
258 349 -1 -1 -1
328 440 -1 -1 -1
295 396 -1 -1 -1
295 405 -1 -1 -1
295 406 -1 -1 -1
295 432 -1 -1 -1
295 433 -1 -1 -1
258 405 -1 -1 -1
295 469 -1 -1 -1
295 470 -1 -1 -1
295 507 -1 -1 -1
297 323 -1 -1 -1
297 333 -1 -1 -1
297 334 -1 -1 -1
297 335 -1 -1 -1
297 350 -1 -1 -1
297 354 -1 -1 -1
297 360 -1 -1 -1
297 361 -1 -1 -1
297 370 -1 -1 -1
297 391 -1 -1 -1
297 407 -1 -1 -1
297 408 -1 -1 -1
297 428 -1 -1 -1
297 442 -1 -1 -1
297 445 -1 -1 -1
298 334 -1 -1 -1
298 336 -1 -1 -1
298 408 -1 -1 -1
298 410 -1 -1 -1
298 445 -1 -1 -1
298 447 -1 -1 -1
384 438 -1 -1 -1
353 354 -1 -1 -1
353 370 -1 -1 -1
353 371 -1 -1 -1
353 391 -1 -1 -1
353 401 -1 -1 -1
353 408 -1 -1 -1
391 401 -1 -1 -1
391 407 -1 -1 -1
391 408 -1 -1 -1
353 428 -1 -1 -1
391 427 -1 -1 -1
391 428 -1 -1 -1
192 238 -1 -1 -1
192 239 -1 -1 -1
353 442 -1 -1 -1
391 442 -1 -1 -1
353 445 -1 -1 -1
391 445 -1 -1 -1
391 465 -1 -1 -1
353 465 -1 -1 -1
353 473 -1 -1 -1
391 502 -1 -1 -1
353 502 -1 -1 -1
354 360 -1 -1 -1
354 371 -1 -1 -1
396 432 -1 -1 -1
396 433 -1 -1 -1
354 380 -1 -1 -1
396 469 -1 -1 -1
354 391 -1 -1 -1
396 470 -1 -1 -1
354 401 -1 -1 -1
354 407 -1 -1 -1
396 507 -1 -1 -1
354 408 -1 -1 -1
192 302 -1 -1 -1
354 427 -1 -1 -1
354 428 -1 -1 -1
401 408 -1 -1 -1
354 442 -1 -1 -1
300 329 -1 -1 -1
354 445 -1 -1 -1
401 427 -1 -1 -1
401 428 -1 -1 -1
354 465 -1 -1 -1
300 337 -1 -1 -1
401 442 -1 -1 -1
401 465 -1 -1 -1
354 502 -1 -1 -1
300 349 -1 -1 -1
300 351 -1 -1 -1
401 502 -1 -1 -1
192 339 -1 -1 -1
192 342 -1 -1 -1
402 403 -1 -1 -1
402 413 -1 -1 -1
402 440 -1 -1 -1
300 403 -1 -1 -1
358 391 -1 -1 -1
358 405 -1 -1 -1
403 413 -1 -1 -1
403 440 -1 -1 -1
358 428 -1 -1 -1
403 476 -1 -1 -1
358 442 -1 -1 -1
358 465 -1 -1 -1
405 406 -1 -1 -1
405 432 -1 -1 -1
405 433 -1 -1 -1
358 502 -1 -1 -1
405 469 -1 -1 -1
405 470 -1 -1 -1
359 368 -1 -1 -1
405 507 -1 -1 -1
359 405 -1 -1 -1
407 408 -1 -1 -1
407 428 -1 -1 -1
407 438 -1 -1 -1
407 442 -1 -1 -1
407 445 -1 -1 -1
407 465 -1 -1 -1
407 502 -1 -1 -1
360 361 -1 -1 -1
408 427 -1 -1 -1
408 428 -1 -1 -1
360 370 -1 -1 -1
360 371 -1 -1 -1
408 442 -1 -1 -1
408 445 -1 -1 -1
193 267 -1 -1 -1
360 391 -1 -1 -1
408 502 -1 -1 -1
360 401 -1 -1 -1
360 407 -1 -1 -1
360 408 -1 -1 -1
410 447 -1 -1 -1
360 442 -1 -1 -1
360 445 -1 -1 -1
360 465 -1 -1 -1
360 473 -1 -1 -1
302 306 -1 -1 -1
193 312 -1 -1 -1
412 417 -1 -1 -1
302 339 -1 -1 -1
361 384 -1 -1 -1
412 480 -1 -1 -1
302 349 -1 -1 -1
413 440 -1 -1 -1
302 368 -1 -1 -1
302 369 -1 -1 -1
302 371 -1 -1 -1
361 438 -1 -1 -1
413 476 -1 -1 -1
361 473 -1 -1 -1
302 401 -1 -1 -1
302 405 -1 -1 -1
361 495 -1 -1 -1
366 375 -1 -1 -1
366 403 -1 -1 -1
303 306 -1 -1 -1
366 413 -1 -1 -1
366 440 -1 -1 -1
303 340 -1 -1 -1
366 476 -1 -1 -1
303 348 -1 -1 -1
368 369 -1 -1 -1
303 396 -1 -1 -1
368 406 -1 -1 -1
303 432 -1 -1 -1
303 433 -1 -1 -1
303 469 -1 -1 -1
303 470 -1 -1 -1
368 507 -1 -1 -1
303 507 -1 -1 -1
369 405 -1 -1 -1
304 341 -1 -1 -1
370 371 -1 -1 -1
370 391 -1 -1 -1
370 401 -1 -1 -1
370 408 -1 -1 -1
370 427 -1 -1 -1
370 428 -1 -1 -1
370 438 -1 -1 -1
370 465 -1 -1 -1
370 502 -1 -1 -1
371 391 -1 -1 -1
371 427 -1 -1 -1
371 428 -1 -1 -1
371 442 -1 -1 -1
371 445 -1 -1 -1
371 465 -1 -1 -1
371 502 -1 -1 -1
372 410 -1 -1 -1
372 447 -1 -1 -1
306 339 -1 -1 -1
373 410 -1 -1 -1
417 480 -1 -1 -1
306 358 -1 -1 -1
306 359 -1 -1 -1
329 366 -1 -1 -1
427 428 -1 -1 -1
329 375 -1 -1 -1
427 442 -1 -1 -1
224 266 -1 -1 -1
427 445 -1 -1 -1
427 465 -1 -1 -1
427 473 -1 -1 -1
329 402 -1 -1 -1
329 403 -1 -1 -1
259 297 -1 -1 -1
427 502 -1 -1 -1
329 413 -1 -1 -1
259 307 -1 -1 -1
329 440 -1 -1 -1
160 232 -1 -1 -1
428 442 -1 -1 -1
428 445 -1 -1 -1
428 465 -1 -1 -1
329 476 -1 -1 -1
259 334 -1 -1 -1
428 502 -1 -1 -1
259 343 -1 -1 -1
259 353 -1 -1 -1
259 354 -1 -1 -1
432 433 -1 -1 -1
332 338 -1 -1 -1
259 370 -1 -1 -1
332 344 -1 -1 -1
432 470 -1 -1 -1
332 358 -1 -1 -1
259 391 -1 -1 -1
332 359 -1 -1 -1
259 401 -1 -1 -1
332 368 -1 -1 -1
332 369 -1 -1 -1
432 507 -1 -1 -1
259 407 -1 -1 -1
259 408 -1 -1 -1
259 427 -1 -1 -1
259 438 -1 -1 -1
332 396 -1 -1 -1
433 469 -1 -1 -1
433 470 -1 -1 -1
332 405 -1 -1 -1
332 406 -1 -1 -1
259 473 -1 -1 -1
332 432 -1 -1 -1
332 433 -1 -1 -1
332 469 -1 -1 -1
332 470 -1 -1 -1
438 445 -1 -1 -1
332 507 -1 -1 -1
438 473 -1 -1 -1
333 334 -1 -1 -1
438 495 -1 -1 -1
333 338 -1 -1 -1
260 302 -1 -1 -1
333 350 -1 -1 -1
333 353 -1 -1 -1
333 354 -1 -1 -1
333 371 -1 -1 -1
440 476 -1 -1 -1
333 401 -1 -1 -1
260 343 -1 -1 -1
333 408 -1 -1 -1
333 428 -1 -1 -1
260 354 -1 -1 -1
333 438 -1 -1 -1
260 372 -1 -1 -1
442 445 -1 -1 -1
333 465 -1 -1 -1
442 465 -1 -1 -1
260 380 -1 -1 -1
260 391 -1 -1 -1
333 502 -1 -1 -1
260 407 -1 -1 -1
334 335 -1 -1 -1
260 427 -1 -1 -1
260 428 -1 -1 -1
334 350 -1 -1 -1
260 445 -1 -1 -1
334 354 -1 -1 -1
260 465 -1 -1 -1
334 360 -1 -1 -1
260 473 -1 -1 -1
334 370 -1 -1 -1
260 502 -1 -1 -1
445 465 -1 -1 -1
262 278 -1 -1 -1
445 502 -1 -1 -1
262 298 -1 -1 -1
262 299 -1 -1 -1
262 335 -1 -1 -1
262 373 -1 -1 -1
263 269 -1 -1 -1
263 295 -1 -1 -1
263 302 -1 -1 -1
263 303 -1 -1 -1
263 306 -1 -1 -1
263 332 -1 -1 -1
263 337 -1 -1 -1
263 344 -1 -1 -1
263 349 -1 -1 -1
227 244 -1 -1 -1
227 278 -1 -1 -1
35 235 -1 -1 -1
229 266 -1 -1 -1
465 502 -1 -1 -1
229 303 -1 -1 -1
306 396 -1 -1 -1
469 470 -1 -1 -1
306 432 -1 -1 -1
306 433 -1 -1 -1
469 507 -1 -1 -1
306 469 -1 -1 -1
306 470 -1 -1 -1
470 507 -1 -1 -1
306 507 -1 -1 -1
374 413 -1 -1 -1
473 495 -1 -1 -1
163 301 -1 -1 -1
307 343 -1 -1 -1
263 380 -1 -1 -1
307 353 -1 -1 -1
307 354 -1 -1 -1
375 402 -1 -1 -1
375 403 -1 -1 -1
307 369 -1 -1 -1
375 413 -1 -1 -1
263 442 -1 -1 -1
307 391 -1 -1 -1
375 440 -1 -1 -1
375 476 -1 -1 -1
307 427 -1 -1 -1
307 428 -1 -1 -1
264 270 -1 -1 -1
307 442 -1 -1 -1
264 276 -1 -1 -1
264 291 -1 -1 -1
264 301 -1 -1 -1
264 307 -1 -1 -1
264 319 -1 -1 -1
264 328 -1 -1 -1
264 329 -1 -1 -1
264 350 -1 -1 -1
264 402 -1 -1 -1
264 403 -1 -1 -1
264 476 -1 -1 -1
230 267 -1 -1 -1
265 295 -1 -1 -1
334 391 -1 -1 -1
334 407 -1 -1 -1
334 408 -1 -1 -1
265 348 -1 -1 -1
265 349 -1 -1 -1
380 401 -1 -1 -1
334 428 -1 -1 -1
265 361 -1 -1 -1
334 442 -1 -1 -1
334 445 -1 -1 -1
380 428 -1 -1 -1
380 465 -1 -1 -1
380 473 -1 -1 -1
335 336 -1 -1 -1
380 502 -1 -1 -1
335 408 -1 -1 -1
266 294 -1 -1 -1
266 301 -1 -1 -1
266 340 -1 -1 -1
266 348 -1 -1 -1
336 373 -1 -1 -1
266 396 -1 -1 -1
266 432 -1 -1 -1
266 469 -1 -1 -1
266 507 -1 -1 -1
337 413 -1 -1 -1
232 291 -1 -1 -1
232 302 -1 -1 -1
338 348 -1 -1 -1
338 351 -1 -1 -1
338 354 -1 -1 -1
338 368 -1 -1 -1
338 370 -1 -1 -1
232 328 -1 -1 -1
232 329 -1 -1 -1
338 391 -1 -1 -1
338 405 -1 -1 -1
338 407 -1 -1 -1
338 408 -1 -1 -1
165 196 -1 -1 -1
338 428 -1 -1 -1
338 438 -1 -1 -1
338 442 -1 -1 -1
338 445 -1 -1 -1
338 473 -1 -1 -1
338 502 -1 -1 -1
339 348 -1 -1 -1
339 368 -1 -1 -1
165 270 -1 -1 -1
339 396 -1 -1 -1
339 405 -1 -1 -1
268 342 -1 -1 -1
339 432 -1 -1 -1
339 433 -1 -1 -1
233 260 -1 -1 -1
165 301 -1 -1 -1
165 303 -1 -1 -1
339 469 -1 -1 -1
165 311 -1 -1 -1
339 470 -1 -1 -1
233 276 -1 -1 -1
339 507 -1 -1 -1
233 290 -1 -1 -1
233 302 -1 -1 -1
165 343 -1 -1 -1
165 344 -1 -1 -1
233 307 -1 -1 -1
233 313 -1 -1 -1
165 358 -1 -1 -1
165 359 -1 -1 -1
233 319 -1 -1 -1
233 329 -1 -1 -1
165 396 -1 -1 -1
165 406 -1 -1 -1
269 290 -1 -1 -1
233 366 -1 -1 -1
165 432 -1 -1 -1
233 374 -1 -1 -1
165 469 -1 -1 -1
165 470 -1 -1 -1
233 403 -1 -1 -1
165 507 -1 -1 -1
233 413 -1 -1 -1
343 371 -1 -1 -1
343 408 -1 -1 -1
311 342 -1 -1 -1
343 445 -1 -1 -1
344 348 -1 -1 -1
199 310 -1 -1 -1
167 275 -1 -1 -1
313 319 -1 -1 -1
313 337 -1 -1 -1
313 374 -1 -1 -1
313 380 -1 -1 -1
313 440 -1 -1 -1
168 252 -1 -1 -1
236 310 -1 -1 -1
269 318 -1 -1 -1
269 319 -1 -1 -1
269 339 -1 -1 -1
269 358 -1 -1 -1
269 359 -1 -1 -1
269 396 -1 -1 -1
269 433 -1 -1 -1
269 469 -1 -1 -1
269 470 -1 -1 -1
269 507 -1 -1 -1
238 342 -1 -1 -1
270 318 -1 -1 -1
270 319 -1 -1 -1
270 337 -1 -1 -1
270 338 -1 -1 -1
344 396 -1 -1 -1
344 405 -1 -1 -1
344 432 -1 -1 -1
344 433 -1 -1 -1
344 469 -1 -1 -1
344 470 -1 -1 -1
344 507 -1 -1 -1
239 311 -1 -1 -1
239 312 -1 -1 -1
273 310 -1 -1 -1
348 359 -1 -1 -1
348 380 -1 -1 -1
318 319 -1 -1 -1
318 328 -1 -1 -1
318 329 -1 -1 -1
240 277 -1 -1 -1
318 366 -1 -1 -1
318 402 -1 -1 -1
318 403 -1 -1 -1
318 440 -1 -1 -1
318 476 -1 -1 -1
240 376 -1 -1 -1
319 328 -1 -1 -1
319 329 -1 -1 -1
319 366 -1 -1 -1
319 375 -1 -1 -1
319 402 -1 -1 -1
319 403 -1 -1 -1
319 413 -1 -1 -1
319 440 -1 -1 -1
319 476 -1 -1 -1
348 433 -1 -1 -1
348 470 -1 -1 -1
348 507 -1 -1 -1
349 358 -1 -1 -1
349 359 -1 -1 -1
349 369 -1 -1 -1
244 343 -1 -1 -1
349 406 -1 -1 -1
350 354 -1 -1 -1
350 361 -1 -1 -1
350 370 -1 -1 -1
350 371 -1 -1 -1
350 391 -1 -1 -1
350 401 -1 -1 -1
350 407 -1 -1 -1
350 408 -1 -1 -1
350 428 -1 -1 -1
350 442 -1 -1 -1
350 445 -1 -1 -1
175 344 -1 -1 -1
350 465 -1 -1 -1
350 473 -1 -1 -1
275 276 -1 -1 -1
350 502 -1 -1 -1
137 138 -1 -1 -1
276 350 -1 -1 -1
276 351 -1 -1 -1
204 233 -1 -1 -1
204 241 -1 -1 -1
277 323 -1 -1 -1
204 313 -1 -1 -1
277 360 -1 -1 -1
278 301 -1 -1 -1
278 336 -1 -1 -1
205 264 -1 -1 -1
205 291 -1 -1 -1
205 328 -1 -1 -1
205 329 -1 -1 -1
205 338 -1 -1 -1
205 351 -1 -1 -1
205 366 -1 -1 -1
205 402 -1 -1 -1
205 403 -1 -1 -1
205 440 -1 -1 -1
205 476 -1 -1 -1
249 313 -1 -1 -1
286 287 -1 -1 -1
210 267 -1 -1 -1
119 230 -1 -1 -1
223 279 -1 -1 -1
